-16517
-147263
-122230
-16130
-44766
-6443
-54462
-262144
-33872
-262144
-21791
-29227
-262144
-9109
-24046
-50333
-29080
-50775
-34612
-46766
-1265
-26331
-36273
-171023
-918
-42147
-12534
-46436
-50597
-60059
-2364
-27000
-239658
-97711
-6351
-57922
-28865
-139762
-27678
-13521
-15107
-244743
-10449
-6662
-52941
-7237
-10350
-8850
-72316
-25296
-5844
-19793
-13801
-262144
-262144
-9491
-149218
-6396
-26145
-50449
-16016
-21263
-2577
-262144
-14419
-40679
-2465
-51009
-39879
-59055
-68712
-14915
-56010
-14349
-34669
-262144
-2365
-38598
-262144
-1643
-51400
-26515
-262144
-19243
-26701
-50983
-21423
-59684
-50968
-262144
-262144
-18954
-262144
-49914
-197534
-3041
-170857
-14718
-14785
-4128
-46157
-15412
-3457
-23292
-44960
-5980
-4712
-58666
-262144
-23709
-262144
-26670
-262144
-56586
-112600
-35193
-21018
-94277
-31291
-30476
-35227
-2800
-13049
-50639
-51085
-42238
-34330
-21852
-24652
-6568
-51046
-30205
-4202
-5136
-169123
-11110
-43780
-1974
-262144
-262144
-2507
-32187
-262144
-44927
-50957
-82837
-17529
-400
-52712
-262144
-262144
-163624
-262144
-509
-13842
-5894
-262144
-14725
-49347
-262144
-70681
-25163
-10052
-262144
-25711
-9228
-138568
-78170
-50919
-38416
-28627
-54398
-39479
-25497
-5043
-39508
-17662
-262144
-255508
-262144
-43210
-50198
-224755
-8828
-254729
-262144
-15893
-78093
-72108
-174472
-20635
-10288
-50035
-9920
-9161
-8628
-13060
-129732
-15623
-12208
-262144
-32680
-51158
-29187
-16549
-96583
-36689
-49428
-262144
-160512
-12733
-41622
-129525
-50990
-29164
-51054
-23817
-262144
-103820
-262144
-1460
-16828
-40436
-61934
-99132
-9402
-14038
-262144
-262144
-246926
-21723
-8111
-40871
-262144
-262144
-2120
-10773
-289
-35450
-262144
-47548
-25421
-13722
-262144
-20342
-262144
-43617
-3462
-262144
-71657
-50363
-37466
-35410
-16465
-10399
-262144
-1672
-7713
-30953
-21599
-4379
-20397
-262144
-67675
-43989
-262144
-5889
-7529
-50901
-3081
-51007
-262144
-262144
-23498
-38641
-262144
-262144
-262144
-43475
-154677
-262144
-262144
-10303
-145324
-26962
-262144
-67985
-262144
-262144
-25470
-262144
-25183
-262144
-6227
-23882
-77218
-38176
-5405
-31705
-32457
-46902
-35216
-14027
-34844
-79226
-50940
-25772
-151521
-262144
-7998
-18602
-15517
-11782
-119579
-12033
-24679
-14415
-50433
-2896
-38588
-219152
-9449
-47749
-144020
-25367
-28844
-42915
-31001
-9626
-262144
-18516
-262144
-4844
-6633
-12337
-2846
-21734
-207804
-15231
-2249
-262144
-262144
-262144
-16382
-11494
-168881
-45932
-18282
-48413
-131035
-6259
-54485
-4730
-49833
-7235
-9092
-262144
-262144
-118648
-4545
-14893
-262144
-26659
-18420
-43360
-32021
-30924
-2077
-11676
-40999
-31196
-48037
-50967
-227246
-25863
-4184
-17082
-44387
-46660
-262144
-126213
-262144
-262144
-40267
-6761
-35375
-262144
-9886
-262144
-13617
-43853
-20974
-111067
-35830
262144
214042
262144
262144
262144
100715
262144
150240
262144
262144
52370
262144
262144
262144
262144
262144
262144
262144
262144
51566
262144
38983
55250
262144
8069
262144
262144
262144
92103
58745
262144
73093
28952
262144
262144
262144
262144
262144
11086
262144
262144
262144
262144
262144
262144
262144
38570
262144
262144
9845
262144
223608
117968
262144
189028
262144
262144
262144
262144
262144
262144
262144
262144
49253
262144
262144
262144
262144
196050
262144
83077
120582
60992
262144
262144
127456
262144
58495
262144
262144
130450
47396
262144
262144
262144
131422
151761
251862
262005
249415
262144
262144
262144
98233
262144
262144
262144
228280
116431
10271
262144
262144
262144
262144
262144
262144
262144
54519
262144
262144
262144
262144
14627
262144
262144
262144
262144
214020
262144
262144
262144
262144
63045
262144
262144
262144
262144
22244
262144
120155
262144
262144
166231
262144
262144
262144
262144
251262
255397
262144
63984
262144
195888
112976
262144
262144
215321
262144
120460
262144
9076
