-2303160 1030326 -930878 -98360 1186849 281647 -235658 -150061 149266
531648 -1621628 -286540 -23952 -217305 485345 275431 182070 -33727
63288 -488598 304111 179586 -115526 -94249 -88204 -49293 35848
-2348592 -638641 35056 340123 -467951 -434572 56326 161296 -39335
1481266 -2925079 -1041097 410531 -300165 733485 295896 -777410 506562
-1891756 827597 -232263 185948 -244081 -647776 123356 286810 63783
737087 -209434 -241535 2033485 747786 -873879 1303563 -362008 156340
15690 -335335 564415 76581 -58972 96795 94132 -55766 -204271
-2983837 2268724 1427323 -19644 -426540 -639304 293501 70469 180975
573828 619697 183955 -77045 633343 -432595 -217760 215737 158740
-1839979 -1989074 -992573 170131 -670689 26272 -18599 126907 170054
-2813087 2925576 1912167 -983252 -779193 299027 176435 38867 219428
-296236 -223167 -26694 14970 -19215 63616 114745 64247 -97287
-1130449 -1276353 -1387409 54105 -127986 302771 -33358 126943 81326
-1768049 -771729 -1570436 59387 1130188 336350 -327229 5374 141790
1149186 -3512219 -2553822 -16094 -651936 1595250 379430 453068 -270530
-2347864 763370 164344 -965173 -206841 884191 172375 10415 49365
-2469039 1222685 156472 325876 2271344 -1130526 89570 -21310 -185504
1979024 -3339561 -1788088 1107411 74328 -419509 -296683 201417 -37801
446442 -2204835 192949 1035380 10109 -945770 -502855 -123309 -417724
-2021249 -561245 -974797 359961 -59273 -381684 -57482 171036 -96386
-668685 2451095 602793 -669748 437407 -248345 116157 587456 -55328
820190 -767158 -667433 -218184 -654706 845466 -264212 -900934 -276013
338192 -745281 -85298 -39511 -124505 30612 94714 203355 83233
87662 -682589 929498 189459 389481 -639316 -730966 265395 -45719
-155521 1619320 97521 -695364 503713 625758 -773350 -458371 -485192
-572600 1696296 149575 342733 652009 123956 -185349 -18864 -27544
613210 -937296 -84840 -666476 -810177 1507042 -128918 201695 -289667
-1844905 1029630 2222787 283232 597475 108911 440243 -26075 -79764
452521 1944892 -422437 -150890 683302 52173 -354663 129154 -83839
-2722935 708419 -401401 -70622 567507 355835 -255813 -413559 -123890
-1710562 4122107 2524420 -785619 -7955 -118994 41191 -42896 11776
275571 -397255 -260541 -464505 246385 -103437 166615 -6416 -64664
126800 -540241 -150882 10532 26133 16243 34020 101404 32460
-99712 -247406 176245 46497 -54394 -94042 -78938 124662 15171
-1121222 907375 1305866 253891 -473273 -502097 217620 117336 48795
-1802254 1568505 912391 -905010 -664317 702348 243838 -5436 235352
589232 2315263 200436 -1897 224334 100438 60251 117165 -15727
-1166652 3109991 1681733 -1218967 -97684 428034 289824 -151149 -1905
-2326082 1243966 -386426 50597 467933 -379509 -372999 64902 -132739
-499059 1041279 214238 28028 712907 -801048 -290702 391435 32389
-1170792 -867136 790344 279319 -312135 19662 -219917 -276600 7839
-2808199 1243921 -92274 -451827 431854 549569 -156127 -185704 40393
-1921097 243327 1866958 116378 338426 176532 27723 59917 53629
-278441 -1759412 976375 1067989 -983153 -709687 641034 -982387 -480125
-2313389 780138 -1017350 -176079 453814 97710 197850 194652 213020
-1736534 -833823 -1873257 25732 517536 196448 -34809 234900 95654
-2226233 -1508295 -572400 57429 -426379 316393 17442 70426 -7251
-269128 1017201 -550171 -560964 1929803 243651 -1075247 -122569 119151
1213984 -2332180 -1805532 -309338 -52461 1232776 150461 202502 108589
-1989132 68426 -1071166 106072 -176433 -101728 259204 212437 80208
-1127986 2726411 1999767 -413376 192731 107475 257335 -35979 -266779
-2240303 1008352 -550738 -471413 557469 446237 79808 49741 289520
-711685 -321303 819882 94389 390290 -194311 10811 -37495 81812
-206775 -710169 321741 162334 311013 106921 26453 76412 23429
-2912331 1423681 605746 -302252 -563030 -361850 -103172 221019 -46677
-52134 -16150 156665 113036 69258 -277470 12992 129257 59490
-3015589 1972222 1042601 16752 -43492 -428315 230093 34590 63806
-1241708 2041034 734871 -327869 885012 -556539 -88862 708610 80915
1253819 -1839412 -386541 511948 -641482 -1460132 -1324276 754574 -615508
-2903668 1142391 151795 86681 -28003 -560790 -55564 257381 -121053
-2017044 -604919 -937062 -331507 482648 692036 -23829 26207 102945
-1730421 -230801 174910 -260428 -1337557 173475 345015 502395 3625
12641 -230328 1051738 214523 -397627 -331711 -52200 -121280 18195
-1626093 1163538 41520 -310744 -410696 102343 224561 154007 73092
644887 -1678499 -1142324 275936 479072 -657222 -888808 429798 -590958
-1680172 259672 -379648 24145 323076 284353 -321170 -378603 -15263
-2097874 3186409 2524595 403125 539510 -2242775 -543823 -327450 -146652
-396610 266060 289721 645814 693205 -1797496 -649631 741740 138469
672495 368020 -164870 1425601 572854 -615471 898515 -131256 129959
-1928062 145181 1701700 242989 106386 337447 -14627 -51229 88718
-689397 2741827 1405454 -460330 172216 521589 367493 -19544 -146081
-2118171 273766 1151461 152785 -1214868 -748604 111972 279634 95343
-2074134 425816 -415369 -44810 962327 351880 -492104 -423917 106971
484394 -1157192 -268175 202505 54837 -207301 -364581 237538 -128369
-356990 -523294 439093 48188 327223 78935 25639 87295 26356
-1875793 -670918 -1280464 430141 520399 -170000 -73632 -150657 78935
-441977 3703068 1405827 -133419 140811 -164410 -17733 64413 -75445
718085 171941 -190487 262548 260885 96236 -49488 154280 -46731
-1969040 1427253 440115 -457362 -556184 283134 107879 -40274 -38919
1025135 3710429 -341946 -186986 965171 -740485 -459977 462708 -53812
1646843 -2861596 -1793529 332359 -28906 159972 -61417 113845 120449
-248785 -484427 558915 397735 -226567 -544136 -69263 119220 47278
-3513364 1879812 1114106 -218860 -136392 -120809 12394 -6927 82845
-1718662 -49542 429904 -581229 -1132709 325879 183588 413066 164378
43994 -2486851 -2500348 206092 411215 71502 532694 1227398 208977
-2972632 -252721 268687 31516 -443463 -90837 -91096 -108143 -66520
-771242 869577 996301 372419 276076 -851281 -207505 -199276 -101063
1308859 99081 -89564 -1686886 -656609 3390430 800894 -246683 179719
207896 -416285 288796 47542 -23384 -83486 131196 228500 87295
301655 -169309 159783 268634 140301 -53891 85152 103806 -114069
-1976856 61162 -988723 70457 1096470 412396 -443156 -384042 103915
129983 -148090 -73477 -344407 235054 -129254 124286 41478 -60545
-781049 1398907 705587 -1053296 -708993 1924806 1234771 -139774 73187
-470979 -717522 -13834 66841 -813987 86565 228896 334519 121863
-2666220 169223 -450881 -12792 4325 186561 -297926 -403625 -227460
539473 -257673 -435937 -121268 160800 121183 167986 44615 122005
-1265940 -783406 -1234034 -21705 552220 439121 -308452 -266834 135355
1693925 -2123228 -1496737 592701 119111 246976 -110471 91256 48317
-2170277 1713844 311921 -582401 -322466 327355 305462 61131 203213
-2083409 7381067 3461658 -1087716 40844 389211 323232 -108264 -92272
-2518144 585733 -515812 213281 1206146 -46975 -58612 -244635 124535
-1375196 3318624 1962372 -887118 3936 276661 115050 -18438 14979
1792948 -1373245 -1312275 890140 41140 -147411 -88155 133333 4692
-1205147 2092631 -283542 -593498 813563 -403121 -579823 564689 -387348
-2456233 788099 254532 -557906 -752491 564460 288842 217269 13436
-1480264 -970692 -917381 281624 -305915 -314109 -182609 133656 34495
1618556 145111 -887444 1282987 302479 -1177905 -129721 -95616 15449
85343 528592 -354891 169773 417164 132483 -144596 -137285 3982
-1778441 4457795 2526044 -1086067 42061 177070 150801 -50660 31353
94054 -399649 -525687 12198 626697 -90709 -282882 69589 205329
-447582 2573758 278494 -1037850 259476 758626 307664 661003 91910
580686 -3752 -92643 194402 259392 118383 68670 131345 -110447
-113143 -1728823 1029082 804529 -1586965 -40227 556852 -386645 238790
214754 -612742 -94599 -143852 15754 -366592 -36788 107517 -102036
3135614 -4674917 -3111282 1447087 73776 -74483 -302366 242754 -147890
-1081404 -2067625 -1767264 112169 -137186 575646 -179139 -6920 -39238
-1036569 34751 209356 191296 -433691 -105705 448045 236853 194432
336782 101050 -413927 -477998 216793 1153818 826366 -171305 446372
-1652836 -103575 54954 -731328 -253603 737396 121328 -69566 120986
1229097 -409500 -729102 510346 51311 -152739 -90597 145261 -91131
496509 -375324 1285126 -115307 -753296 326738 485277 223040 90027
-2091630 -17349 -812074 -102427 -650529 263217 129629 116161 -108682
-498235 801468 2344400 -86343 -1700816 -25461 -380363 124656 -93351
4482309 -2603998 -1918335 1299161 -794377 1290130 804372 -998108 -478299
-27950 37123 458054 262055 93736 -406944 -79506 -16862 38168
-2900311 1561919 1636408 -735390 -1217871 444444 281090 51969 78732
233872 -119904 -635111 240216 323282 78383 -115817 -65293 114782
-1160597 1702293 1484520 -738302 -68470 -395851 69303 -14805 -88939
-2715844 1203229 -871403 70110 729252 -59356 -1279 -97823 -4349
-658224 -74337 1452984 1560747 600946 -2895650 -353204 -377671 395010
-867856 437448 -434318 224353 885732 -337852 -159675 -3489 96786
-2931775 241661 -534710 228458 -4803 -185127 -199937 4832 -350010
-1548788 -2052718 -1089014 210166 -464386 179180 -233162 236639 -71331
1190909 719090 -435762 347421 109093 75017 27933 59991 -37863
-1589679 -668360 231732 74876 -1233821 -193363 409868 381925 222103
-1457977 -866095 991770 338226 -708765 177394 -253742 -249632 29358
-1860502 -25983 -675667 430140 328616 -299698 -84273 -169526 -32003
1161613 876200 -436538 278905 120042 70678 58167 58003 3760
-194750 -508783 268893 96065 298803 93767 17652 105648 56867
-2479956 207250 501950 58298 -458236 -311133 -122819 -76200 -47995
1119001 -2510265 -1825186 -436524 200054 1453320 94442 44148 -152643
289626 -268301 105200 206844 161948 38290 133190 76117 -134034
76492 3356386 76167 -837045 163021 1189043 255111 196390 62169
1392401 2025077 1899034 655121 -308085 -673931 -1112642 -440039 29727
-1336843 -415872 1023854 242115 -167554 64213 -161709 -94215 54628
1661341 -1259396 -1449442 876211 234839 327308 288635 97293 2092
501294 172094 336157 129674 -153085 -803102 -539268 899328 -37861
324280 -632968 291612 203416 -209267 -341307 -100415 -26695 -23046
-187990 105456 500537 37012 -355324 -239868 16009 282667 -22009
-203686 -444915 331861 45318 316425 83925 36533 89400 32465
485449 -208056 -521642 -373711 173039 114836 57618 80660 -60628
853329 -212721 -658137 102614 911016 -68233 -186127 -378814 -251182
-3281845 1476324 886497 -522817 -110298 361094 94447 7621 -1262
-2436469 -66200 -1370212 262468 665935 -174060 -16934 53977 35522
-1608449 1518296 685923 -626664 -589097 389667 228127 18866 158457
608426 -11667 -124372 262410 252620 115549 1534 133183 -74876
-2226765 2192121 1083106 -414724 -328808 28855 -5340 14025 107659
-215621 2181061 -490770 -1865495 -133254 2597214 122167 96957 -365440
985108 -3528 -666198 357664 72059 211715 20734 133491 -9303
-1257181 766527 2528406 561024 -816183 -1386210 -89178 28687 135105
-802294 -2347007 -1606140 3423 -528387 696778 -26847 314757 103610
-2590515 941193 -305806 442274 590812 -432723 213220 -160288 36689
351967 -335810 67740 245237 150195 -2964 108640 79481 -124448
-2456931 -1429124 -1073985 209300 -541487 28933 -73481 179140 -62068
-1899378 -628352 -201818 39100 -1266233 14474 214248 212822 -67441
208121 57627 463059 238491 41450 -345586 258969 -154138 -161670
916766 -52087 -641050 284388 46207 210371 70983 124339 -8982
-1843633 2659865 -336840 -170893 2485949 -355236 589626 -679609 181491
425373 792389 1227805 519476 -511353 -353031 -68237 -257609 -128833
-1794239 -1807844 -1525246 198987 522524 224982 86744 21508 76517
94739 716677 794962 1136006 -659682 -1032697 596459 930684 753275
-810798 2302062 573738 -1280971 -3366 1535047 160911 -43808 -48549
-1107160 -1892261 724267 327787 154764 442666 -9534 200287 12854
117415 -1025200 -238664 -566104 84037 -12817 94040 -32908 32548
-954261 4522195 1994071 -631251 -92584 502496 359060 -270111 -59071
-2423266 -949654 -157628 -12973 -527313 340295 -102289 -93675 -121935
853203 -20625 -479237 335901 38714 137411 81908 217303 137268
480873 -330291 -24411 225194 167758 21271 103579 93247 -141909
126460 -487132 173552 190691 -107835 -409615 -210714 79646 -23921
-141286 -1985370 -250987 794479 -48327 77580 845808 -461262 119002
-1945587 4615534 458165 -2250613 770698 1425275 229144 712171 344559
-223017 -711652 -26609 538353 -19758 -632666 218363 -263703 123181
-2155828 -747026 -607600 167851 360561 256016 -232270 -257708 -11222
-403725 -321687 578016 13348 312621 30666 28816 60532 19554
189228 -120632 263263 212237 151974 -5271 91984 102712 -134842
86607 2852414 957173 16566 56144 -61500 77661 -246 -63779
-1331351 -1109796 1191115 249705 303185 205796 133245 187153 -47847
346186 -850866 -15839 377462 179405 -351839 74063 -125511 88692
177494 185987 277483 342380 -402298 91225 18887 146783 22901
-3057521 686662 398871 -455125 -907716 253668 220190 159955 -61795
-2318063 -1216746 -1600065 54292 605069 308775 -243300 127851 91848
-1294030 1701886 1071845 385952 1420065 -1577072 -1042069 3290 415972
-3047624 535963 145062 190217 148790 -19610 -23256 -184059 -107264
-2282400 560381 -275270 189609 -777195 -296238 347791 227881 -61706
515805 1823357 23946 -124220 69717 603870 159497 62266 -45648
-2616893 -52393 -335476 580063 12272 -640050 -118714 -166471 -85385
294426 162634 -78370 33414 333318 148533 15141 -87146 97886
-2665093 1647810 87527 -711221 -44813 626624 201780 8124 -15322
-1547148 -582685 -1485071 -19448 171631 99797 154513 239780 213955
891195 475183 -328880 525199 188482 -27373 237505 7759 29507
-139272 287418 78009 -362574 -332430 1204692 1075505 -499415 79986
-1781625 3165286 4206240 24177 -581626 -1385547 -349953 -119715 18674
168648 -595227 698440 16461 -607048 320682 242964 4325 24130
527043 495796 -209520 -572414 91232 591121 -348220 280356 -64465
-262192 -941763 1390692 995540 -462199 -1427404 159449 158231 244373
-2317108 3094554 1627841 -1380399 -455208 930007 190192 -104549 273077
-1609481 4878568 996504 -1487738 490844 897189 981620 85198 743623
310868 -333180 199738 293086 146215 -24909 116402 43592 -117194
82741 -1639669 -431990 159860 -96083 -55258 -235684 165211 -144640
759547 -534020 -1073236 -377721 201622 632638 -169772 376107 11053
1179621 -2364717 -511971 387135 206019 570876 -334083 -829261 255961
1019403 -29938 -667247 428509 100413 244884 128581 46869 19942
-587693 2731607 -752631 -1539998 993705 866525 -1350983 1359718 -482133
732883 -1634429 -725904 545745 281954 -1105916 -279655 247869 529998
-2649879 5763721 2130900 -113844 1647119 -2993621 -821078 1298943 166373
-1044981 1425865 1213407 166770 652941 -921885 -199650 331173 156479
206739 -1160630 -31129 146096 -87532 260645 -15419 -134338 -111044
-143789 -717048 302649 206164 276855 119026 -19893 29887 1453
47530 -390638 455393 -22480 -76973 -91155 62521 -16472 -87240
-2454894 1208923 138627 -585930 267669 667048 -42991 -150966 112716
-2690294 -362691 -783985 426225 -88423 -307313 -191565 -249216 -240338
635759 -1078850 757339 449354 -208343 -1121409 -629750 651269 136059
-615828 53429 472305 537204 17462 -1348183 -151433 274072 69612
-159935 197834 725564 85322 -45457 -146023 44472 -52977 -48496
1121806 -2080864 -1143443 63661 27164 -138120 -22505 73463 42508
-416471 1351688 1066874 -36261 189180 218632 257749 -1991 -206821
1176647 783781 -444874 316975 99664 55001 23564 69027 -18889
105952 -293893 -12433 95094 14426 -203632 38066 180958 30419
533883 -936567 -143794 345127 98422 125278 68336 40469 -244638
-2416982 1850254 1488153 -935497 -1070140 640038 281153 160358 12141
-2674879 1357447 -170696 -426570 -337718 101673 405585 266361 185995
-3462952 3154953 1740894 -1247002 -328918 805098 145119 -10785 170979
-188588 -717110 342380 153366 317677 102173 22779 58841 1212
1196243 736130 -442797 350157 118781 62561 35983 53366 -20382
218941 387801 -440931 -1161603 58406 938158 260615 115513 208113
-584524 2106284 1279595 -701511 140558 288251 -112453 287788 119391
-1524082 -1902731 -1017916 -183657 -619142 410971 -50648 217105 117776
-138282 1542401 83504 -1266460 -155962 1773779 -236237 337807 -118142
-109251 -754995 1773 -590674 44416 -110540 72793 -40371 2743
-839451 3621799 685445 -1291418 628320 887857 116784 25057 -154864
-3465682 1553555 254145 -448034 -451513 168922 344394 300771 96675
-2552132 985829 -519120 319660 398854 -729015 73499 -5386 161021
530092 -299970 -49073 207188 259429 84915 106004 73756 -118542
465348 -1204340 535026 666026 -177075 -1168185 -180853 99284 238306
697709 158176 -184025 283204 285341 116328 -44129 136053 -30565
-1339198 1062584 1317221 165012 -316136 -965413 660064 1158201 349140
-1032137 1491421 729890 -216177 -139693 -143753 16278 475123 -199882
-361936 -611020 451740 56084 269197 91419 -26360 56113 25552
-676968 339082 530505 69657 -314147 140088 750133 -183716 250455
2613088 -3205128 -2718428 1776757 637216 202932 1116086 -194952 255853
-883476 -762148 -321022 239708 -496217 -94072 -22787 103515 -14362
830837 -2021265 1104405 417091 -877041 260454 51537 -218578 -108753
1089453 -2183501 -965266 339067 -43965 3403 -474093 24463 -216380
-2072708 -323128 -208300 -144023 -1210973 147079 266844 260338 -48260
61915 -510804 -46002 76740 -7292 -40016 15315 59349 20097
-1642784 -64558 -272364 -188913 -179894 529637 -197848 -257884 -98926
64766 -557795 -12677 448452 376059 -665158 -347476 276686 120060
-1207320 5591063 2193065 -901490 61878 522461 231475 -35960 -39372
-3010227 635097 410077 61982 -973627 -271020 48088 -9679 -171969
49273 -409027 26951 45211 -41898 -44045 -82 116791 27708
296871 1291085 420017 1420820 699736 -832047 1007240 -196477 212974
-254106 -570926 124224 384186 201737 -118330 188514 -209859 -9978
1118668 255661 -565624 439548 39122 90134 24217 85195 4557
-224936 1983063 1402207 -723852 -782642 801220 413273 50463 134738
-227742 -624031 338660 120222 238655 109583 -24888 48304 20216
-2208128 830859 -466975 -127150 -202154 202088 -43266 -281138 -148300
-1044697 -2272677 -1567472 271031 -477464 230983 -66181 207601 43974
105761 -3150505 -98363 1847982 282126 -1929103 271691 86036 145343
-2434434 184704 -699171 435376 270236 -665827 151738 68072 78028
1525994 -2143541 -1209534 2396327 757279 -1026655 1131098 -215682 216181
125791 170151 754606 358457 46479 -278725 59996 17902 -148371
592857 423583 -834 140392 329829 36177 -58016 159267 -69069
1561106 -3194377 -1501170 630201 -138104 -304898 -283271 108329 72962
1300341 -1154555 488458 -40972 -278198 -29099 -781658 402391 -35778
317202 40906 -198898 26147 458475 -7370 -176703 -70570 -12016
316756 -164650 103911 156826 193257 21487 99463 99050 -159771
936890 1117983 -236523 277135 547763 -20238 206192 -83712 100043
-1707581 6542114 2877109 -1099350 -14787 740610 462657 -172869 5327
-148696 806626 -187875 195055 570070 165655 -168934 -138369 -25459
-145721 36165 426979 264596 71473 -371102 -3656 -7822 74273
388961 -426227 -10199 202475 121319 80187 98873 99058 -141473
-2162337 54235 570083 179052 -1147117 -236713 228602 154250 -23842
-556261 506205 1063258 174678 -172126 -569301 12799 302102 189806
-1004040 2679125 1867876 -345253 -14328 -390802 -85695 -38619 14992
2749 -122132 557946 151843 -69399 -195605 -11733 -81522 -57256
-1433891 -1178611 1405639 565278 252433 272258 114424 -21588 -61146
61300 -499088 351574 254194 -203064 -360098 -35585 105595 -34175
-394104 -380218 506757 41666 354593 77461 76401 113289 18887
885637 688187 -223006 564744 194076 -76652 307633 25323 105282
-75250 -177778 305907 277758 -55857 -511764 -34536 -34117 186174
1833981 -1283725 -1716299 480562 87257 449210 -49942 188285 -30137
-120041 -546493 214650 145366 277706 95217 -10267 73320 42282
-1527871 486957 -421671 -32493 256910 305633 -195895 -311367 -59670
-3239618 1066165 643121 -354240 307853 98149 136760 44458 63304
273119 -38818 -30178 -167511 394318 258456 -235443 105512 144190
-161919 -493222 -532603 753762 1208965 -1182113 -547003 -234974 -129631
-968565 2278075 1700923 -306973 143609 224542 188393 22144 -231873
1036895 -1467031 1399168 409959 -749324 112888 -141460 -31271 460140
137586 373332 -58493 -810738 -497725 1436202 284792 144264 -97320
86158 -816331 -47828 -427568 38582 -429382 14565 14381 -77857
-1674859 3349180 2390078 -1469310 -135051 104117 207298 -222120 -58681
-2473769 367768 -369000 -393765 338209 639108 -263948 -305410 -16115
-1426806 5272966 2105063 -1296125 159450 1040278 432693 72878 -94925
309288 2294706 255520 -251836 34037 531961 90787 52900 -7145
-444644 3716261 1226197 -1932149 38242 2294121 218404 62775 -40700
279467 -181861 -327597 -418341 281195 -52160 188502 40411 81917
-1783461 85843 2034090 602517 368827 150952 282968 -190258 -88558
364567 -22174 -750765 325839 234418 136262 -37277 -9470 -69599
-1600399 -1000077 -1008565 341288 -317000 -150246 255591 139072 -40955
-785839 -2150375 -1060818 74420 -769216 446614 41287 310703 79734
683218 -1825538 -696824 528380 295273 -650019 125642 302748 548941
-2448985 256238 -1430701 22510 739511 103011 -65956 -88276 -6571
125540 -923008 -159439 -579987 125399 -102436 128544 -99820 -40242
-3057450 301944 -318118 360121 -104062 -435924 250667 -84965 -95388
-2778388 2590444 843288 -593599 16950 160862 140786 39034 103627
2780717 -3534019 -2781870 1145129 136001 64674 -263220 251983 -92260
203215 -3196150 -850071 4939 166054 1761984 -85352 265358 -36046
-1381663 -936386 -1093056 78198 -253321 -110564 110406 385470 92673
2500762 -4819539 -2808706 977669 43324 55578 -280417 290002 36269
453798 29469 32321 213484 221468 -12263 88695 130011 -111809
-1622213 -673693 1509818 261307 149821 197764 12515 71893 41119
177138 372155 -52637 -1370411 -564233 1855342 -629466 568583 -679691
1100247 278110 -399464 392405 242676 66859 169363 26109 28112
-591533 1590681 1698069 -59644 -534100 -497056 56969 433567 -23400
123049 2960706 498819 -373200 71382 795716 285488 36881 7587
318458 -78480 509866 379519 -898140 616089 818762 -499280 415891
-1594328 1786772 492645 -279290 783799 52533 20632 459328 161614
-2257818 1152610 415834 -77995 -451010 -75267 491675 72127 138430
1214292 200757 -1174636 213545 221497 480723 -29770 155403 -52760
-2196780 776498 -1043081 26119 1011286 -323154 -439126 48236 134499
-289237 -585706 354490 45280 286056 104644 -6017 82011 35765
722186 -1604922 -988797 -482822 -50437 172675 -33763 91395 -93990
-1814067 385603 -669569 108454 -81576 -378761 -54933 344386 -84833
-1833411 873506 228180 -63535 -585305 -519727 -14685 382123 -1374
409858 -977428 -880516 -194174 162931 267986 122424 381320 -3417
-2691726 2567852 991237 -536344 -629466 -63384 380071 359745 270327
886320 3319405 -56554 -527887 -202553 648558 -744608 812087 -207942
-2487953 -896885 -1487398 306067 382722 83837 -160885 52314 -91015
1238696 -1972888 -1026729 585568 -26862 -294632 -199767 144585 26496
188177 603856 -549260 -244619 987235 -8411 -79441 247592 209490
100805 -449671 518219 100191 -94898 -101464 33075 -81871 -205787
109290 -463341 394022 91683 -88636 -13530 11088 -60297 -197880
-2158023 374510 -398750 426168 -259795 -765279 327356 138205 108109
-3354329 1401348 1090646 -322381 -467489 74664 3645 -24368 -35028
1042184 1093969 -348443 180749 67678 147200 -17765 87221 -18989
-1058947 -1497382 700879 276662 -45237 214757 -145036 45142 89263
-2695135 -244890 -895751 -165776 -268104 283353 120485 163771 93376
-1705651 482757 1424571 -88595 23355 208169 -7184 66586 164706
-207223 -327393 127054 -532262 126168 -290932 99339 -793 111618
-1638708 -279452 -1142413 215551 55534 -294187 -90943 107084 22466
-413760 -672847 2778533 1129359 -667246 -1035282 172659 -688524 253839
-203560 2712441 1228999 -165774 -63536 187600 20795 -170873 -116271
557857 -778149 -556050 -64445 111028 11843 -73459 271267 -4370
804313 -1867554 -884747 -267491 94879 -200283 43854 62336 -92821
-2633874 69399 -42579 -268984 -394514 536641 -88940 -161704 -146571
382932 -253065 3434 235649 181107 36297 75968 92688 -110162
-90113 -247343 246251 79783 -219677 -206587 89599 -72912 -78953
174180 1246663 571471 1890298 908127 -1189783 1432310 -475171 319135
-2437934 657553 -839433 -269110 126394 296787 204827 190503 103786
380969 -1048506 -269669 -25860 -72803 102120 -131622 129328 -18163
259064 -567449 250222 191306 -111873 130868 18403 8942 -224824
-1377841 -1641259 -430568 -183185 -1068193 482555 -9263 62888 88678
2705925 -3537190 -2535226 1254167 33229 -1321 -120168 157756 -17738
184589 423964 -1071161 -681211 487658 1388524 613345 -343898 151732
-334363 1835844 109570 -1221982 -175226 987843 -597407 557045 -236656
395968 380180 -184804 -559560 313410 866159 -61879 -305815 158546
-2923528 2554573 1166118 -548470 -59982 172254 222269 -85105 222063
-934329 -1632757 -261769 57660 -1201738 58987 94146 361271 94444
337972 -469302 -647937 35176 138592 -89480 27406 286099 199569
-767430 726873 -341340 -355250 735672 -297548 123045 860231 610930
3446978 -5420822 -3527955 1351059 -107040 600548 156210 761 126565
957587 172661 -1821707 -1491510 -175782 2462921 -278632 443467 -535536
184365 217723 -85492 -423724 271926 46489 201814 33597 -46157
-1082798 1844290 966828 -1182600 -1166 282673 219284 99449 -10144
-3012885 2014543 1441971 -545031 -550004 99697 -63480 60080 20448
420719 374646 -393519 671510 -820613 239827 -192856 -130065 429688
-740520 355905 -345015 64130 2488 -556466 1024078 1122519 582413
-196581 2424258 957502 1403765 819071 -786278 1376015 -406418 257327
1324650 689923 -611871 513857 7862 40724 -47709 132105 44745
408800 -1072052 971974 520425 -477235 -367397 -322726 -272803 -275019
230757 -895779 236838 153819 -61957 85410 156841 -64750 -141980
-461967 -422341 571733 -12254 342282 67762 67562 95558 35680
161872 -951182 -201364 139311 1054150 -682636 -670088 -3122 91490
-1451012 -573787 -978023 148146 720844 127895 -449216 -273543 123213
1177046 -1141558 -1214048 -439083 -313352 1063196 335091 -37290 135537
643993 -94912 -145588 226828 211920 49047 44026 100531 -91746
-1695855 -1532732 -1609053 -34765 68182 478439 -267751 -64772 -103867
-191587 56998 -83202 171948 553024 -434612 -4098 126895 63395
-53431 3197175 1124813 -59817 -23884 -39161 53536 -27516 -67705
300281 1671604 415377 -875231 -229400 369864 -310191 568115 162205
-2859549 1732783 -244618 -188943 358551 93365 15354 -53471 -12853
-326471 -399596 472253 32012 280987 32820 1018 55814 33593
2616467 -3005745 -2695785 842489 128086 394551 -143590 208813 -22011
-427985 -360609 489717 -57338 115076 -124057 39933 16824 -84116
2021569 2361679 -1148990 469721 1710697 -58983 594844 492866 98021
378192 738950 -251199 1882910 1097080 -1536297 1289895 -472359 530610
256049 -778789 260023 436607 -155157 -95416 27854 37541 -139130
-1462860 -915510 1639149 374115 1050246 -432950 393088 -91584 -87085
1653721 2205841 -570657 -97096 -54368 129274 -857855 526794 -56023
626215 39225 -245094 295730 150695 -40446 54213 72146 -43754
616744 -123635 -113437 -84452 498115 -38301 201022 104082 -222372
74571 -255188 255133 342672 -41168 -157696 57533 46127 -39788
852419 -34234 -289205 242946 83162 115627 -69558 62242 5460
1657270 2739903 -710407 -659561 -134592 819077 -863089 488303 -252792
-248053 -522684 531206 -9498 27672 -95701 69440 40514 -74686
-103662 -293995 538867 236683 -106704 -108583 131676 43692 -25378
-269320 993653 388840 2323869 1057035 -1895860 1608085 -581934 689734
2320828 1100773 -1017571 106192 -261856 573716 -641805 306398 -186899
336733 -55665 104757 71459 63547 99125 12854 124636 -189411
1337237 1149255 -364565 306048 618859 38282 -39272 129813 48243
-57119 -625157 126436 -45430 332411 -4248 78435 111112 -8213
-1348862 -478241 1437393 604958 -827960 -398407 -152522 -202341 -35280
-339175 -478184 415432 -65724 145377 -114420 66292 65590 -106213
-1211 -269667 439614 403934 -144274 -215612 48485 -355 -63563
1335273 960995 -377445 488414 696431 -47313 44590 78533 -31517
1840464 2383368 -1051330 -591561 -226904 862271 -923565 285945 -103258
178843 -186777 193939 305620 55798 -90899 44632 81110 7264
1485560 1035568 -1278644 573408 940936 150560 458213 329091 -74156
343931 -106668 11973 71568 124064 97239 44495 181208 -168257
10040 -594319 -43756 -263295 315922 326032 6246 -40212 -103320
-344213 -534163 332523 45553 149530 -112626 56533 54196 -76339
1158606 793939 -616657 943340 420672 318194 304131 100843 -179531
-408889 -473161 1092206 875480 155407 -440206 390830 -173594 -148951
554553 307466 10924 -14679 132523 47111 -22706 70434 -63074
1351732 1933676 -397504 236106 66772 739152 -152198 282303 -129551
-83346 -483372 402205 493741 -345987 -551347 -274081 146714 -158461
-51059 -48545 595883 199843 -181266 -193598 -10229 -44284 -18437
-111638 -440210 145073 47557 210843 -44773 35965 111223 -11182
373710 -1509972 -228274 -69086 -352165 121907 10656 181980 -166644
1111645 401712 -728289 455649 111425 60516 89359 184909 41875
1288715 448563 -917000 456137 349535 182729 199141 54432 -158748
-16660 19713 562662 737033 -19513 -337518 184759 -22259 -2494
-314688 -589217 180514 -15085 143766 -85389 160987 17911 -19596
-175528 46822 786485 432423 -176965 -329774 80950 -41754 -49839
400930 4193654 1050402 -909707 -51305 988521 -373299 -38144 -204867
95062 -944291 158090 -126349 156813 97271 83263 195439 -95638
-96665 -972346 48616 -83447 96568 55242 120682 -208 -184282
946041 295099 -762968 444690 141670 95249 52299 196748 122960
528430 -164847 -206162 49130 428945 15368 41819 12266 -117191
985869 585672 -703252 463803 285810 29530 110240 152053 89413
2060497 1899905 -1508582 418684 487605 121762 228975 402059 186835
1118550 898940 -646205 420858 174703 166229 146828 100441 44859
-743238 107910 1408116 862397 -136657 -750091 93029 -123147 -79357
-245494 -372982 181538 -55234 174538 -152858 157540 55464 -50447
-433143 -371537 805985 439880 -816604 -177942 11660 -256219 -40416
-946058 -961319 1295959 281223 15221 -313783 168948 -156012 -268005
886526 1019050 -420265 444236 382815 -331747 88231 83590 49649
88202 639841 -280811 39534 1230175 -202569 -264538 -121919 -24422
350493 466580 -286960 32439 488998 503330 181368 30544 82686
229930 -529683 228642 383429 -127934 -66181 61513 34667 -122434
11864 -40555 363063 325810 -91421 -76748 108275 -28697 -52795
454092 -56706 -244175 111710 296923 -69557 127696 91954 -119139
187603 -381035 227943 311832 -144348 -86419 54271 19162 -78751
282916 322572 -591513 -357593 1704732 98686 218467 348628 26583
662768 202381 -126513 10102 310396 39856 -42900 160527 -86429
-120380 -459941 169491 48517 149702 -117496 92512 151315 -47123
1746621 1396413 -977558 83273 -34023 739094 -610840 137026 -257691
137692 -335067 265004 376667 -118487 -121512 56771 38872 -64261
529025 -281368 -90784 100242 127147 -30501 115562 169781 -26677
-1691356 162262 1686877 548533 -34234 -219244 119744 -129380 89651
235102 -108027 -43760 60503 273364 173362 -14153 116890 -91728
1509657 2796253 -743182 -782216 -34074 1049616 -607434 286275 -178374
-225958 -417817 318046 -121697 565079 -220837 29079 41259 34666
581961 -78676 -465552 168462 548880 101996 13390 170946 86959
1161152 2748321 71428 -442628 -328324 593126 -490219 360627 -194390
-888547 -867166 1494256 408406 -134118 -605314 -70683 -65496 -337153
1572997 797199 -1452725 650253 966936 240293 449121 354783 -176897
72836 -345408 184785 -160894 466175 -98225 130790 74155 -12613
106256 -60920 478829 550310 -384893 -380301 -24474 1226 -114098
-11010 -647256 182804 233844 10071 -17347 139754 138703 -33520
1490714 2923982 -407770 -453439 -78533 859814 -623747 492430 -148383
619969 -211193 -242853 188505 251525 109799 -23833 36557 -13398
-1050324 -1103549 1394657 823234 -1277971 -264902 -74802 -232051 -196385
1361335 2234398 -291755 200020 146471 900683 -150557 250825 -205923
-833436 -656528 1526585 998289 -48538 -543997 146931 -121113 -298410
-442648 -399294 571316 -41753 97109 -90258 60253 37097 -128301
21542 -413083 171996 299525 8890 -42533 105416 110836 -36983
-215867 -826449 466919 558346 -664025 -539389 -389499 131065 -229831
226055 29299 -6231 -27389 464616 -404854 276584 101487 -190110
-142982 -776703 110945 -47369 279838 101254 81818 137631 -140468
1822690 2377379 -1234296 -547028 -48278 947402 -778198 181578 -374266
-780335 -198276 1658769 939555 139665 -721828 354813 -220282 -165195
272542 -349987 -663156 -294805 1253508 147871 209871 434708 187770
952147 943392 -482291 473202 363592 -310407 48850 38078 42557
-492723 -854610 661072 15452 22924 138331 127679 68032 -128873
389390 408728 -198017 220790 590523 160004 73911 55625 -1263
1367522 1983288 -346607 196496 41199 852434 -164794 329810 -187966
-1883825 832083 2207400 471347 -122075 -617589 -247046 -124723 42783
132847 -187697 222476 299157 74772 -114784 39530 79102 6342
-850792 2463826 1393273 2180219 1015822 -2469956 1151652 -346497 606220
1880551 1307106 -1358693 -150440 -217825 681340 -670992 416373 -268082
-952045 -843807 1312340 202468 31450 -315639 198579 -130800 -272053
1500792 663420 -1354338 364382 582954 256259 232387 167946 -149794
-539619 -317905 683584 -91776 18436 -46571 135251 44272 -155966
297013 499609 -242823 230796 737940 -9982 -47088 -60936 -54213
669936 -352216 -171218 228529 -19637 141690 10526 106888 -24429
-141895 -101716 742022 358384 -149047 -312330 84844 87772 -20327
-488961 371683 1094779 837722 5982 -629179 259114 62819 41910
-256999 -540467 410769 -98950 115517 -36471 91496 82360 -128681
255322 -795744 -3990 339363 -62509 86061 80546 102619 -148238
1773887 1812546 -1000926 -184005 -87288 347658 -995622 393621 -221306
1459896 1120233 -513384 289614 196010 899 -46887 176655 -29048
348712 -566245 -270997 -211868 427377 -253192 182178 152557 -250224
2053706 2230887 -1300261 684092 1274199 70536 672773 403865 19046
961818 664877 -543484 816357 422051 214082 118746 119020 -163189
1537114 772096 -1422777 516362 894030 213267 331453 267170 -113219
-99605 -509364 192492 83791 228036 -127596 114891 102225 -49039
786661 -28965 -644400 20870 97529 98506 -94860 88342 26240
1019708 388960 -629300 596198 -1567 25864 116717 211387 104347
164640 39678 -56659 142695 590950 -128964 26131 33654 17000
11983 606292 -44347 -149784 1402202 -142619 -319769 -86550 6577
164910 -1108723 103814 2564 76794 173374 29067 134746 -107847
665793 -112512 -511113 160680 450855 100581 21764 189428 57421
-507160 -369361 416855 -9758 69571 -86459 140725 13766 -75929
661409 2583363 198196 -177945 -96672 387027 -387378 288032 -161550
204753 632061 -372142 -176435 1433197 178857 19586 287121 -51332
-271874 -644853 339204 -242000 635502 -198667 43707 3680 -9013
1870696 2434611 -1494322 667359 2371625 -168782 484566 423107 186686
257797 -770540 10213 -187565 344067 166538 29887 88191 -90894
1455910 1216200 -561846 244597 230862 62315 -2599 218983 -31451
1470214 1893153 -724251 -65787 3342 631417 -415305 646535 -212089
-692967 -1044610 911335 831081 -210467 -603246 -400385 311280 -251411
-358341 -149100 1047782 577005 -214848 -743024 -77837 89979 -66607
324907 -91443 -103507 6239 395115 -232254 232968 89628 -174323
111872 -315726 298651 472559 -252220 -331461 -69718 130657 22949
38678 204629 145336 101389 760530 -230819 78203 124519 24708
1077131 275835 -1050342 417770 258353 209481 138251 338126 120990
67975 -749558 204804 220048 -44651 25055 162723 177170 -36377
704493 236909 -104735 -140952 622797 24551 -47032 124078 -135696
519626 -221951 -351400 252238 447298 42076 -89060 136710 -26792
1924478 1948498 -286642 -53075 -323845 300507 -946637 342247 -276946
1347067 2932463 31441 -285899 131239 998310 -396925 43428 -206470
295667 -155129 -283543 118463 501653 -28612 18632 117512 2433
1540567 2454756 -551283 -152965 74448 222465 -629467 346227 19137
49068 -674605 185523 316034 -60912 -48150 72267 116020 -92878
-674297 -1186944 897095 404605 -97966 -98720 213264 -74535 -191998
-8321 -65122 393512 530770 -253775 -357380 -37297 31813 -51870
461402 -204601 -40253 148595 40575 -28954 36301 107636 -111999
-152757 29534 451355 242757 8579 -176030 69166 101535 -46347
-94194 135471 196791 -124860 803520 7935 105668 71741 -20868
-362558 -349955 440792 -72549 165045 -134362 88014 53302 -74966
1271778 2600232 210005 -169771 -219253 340654 -574169 415510 -247252
213725 -483836 180579 369300 -99985 -85984 48687 62568 -107706
167431 647196 -153847 -59331 1303750 -86768 -375508 -90315 -22386
