11324914293001 945330342961 322368450625 461319432025 2125519063056 15620250361 27020126884 56101712164 17871679225
281369776249 2821301386929 5861892969 365779411209 2890352644 108029885041 120208517521 9076944529 2431278864
997607432809 298818569449 445174521796 161008785081 24193002681 62958337225 286421776 18520488100 410751289
11632758526489 485371382596 158530589281 57947081284 38763309456 349562372644 16283291236 5550101001 3015767056
175707680625 8899028799376 459675864036 29006858596 846693604 332720158761 134818214976 746853738849 241062342361
8725212099409 592210280704 17119105600 155943640609 728244196 647126931364 37883172496 40005200169 2323432804
105627600016 71545015441 14778778624 2110162969600 1038061435609 1062022997025 1890193274649 201425928025 19813096081
1094955052801 154747824400 860289640324 254282181696 44984289025 3584536641 27361129744 20324208969 48334901904
16369533381184 4887101641041 3205625261476 360587039121 24171853729 633568240900 133065177961 266603584 27355175236
238400757169 315452969104 299272455364 432819252100 817957448100 347228526121 21456390400 16625523600 20494499281
8422010284900 4190696200161 396232480900 168685989796 159697742884 17002595236 2775287761 1608812100 23861907729
15017004531684 8222734035961 5176853572900 2446399425409 258192031876 20266654321 61362721225 2297284900 41553599409
1845052238929 79080188944 113171015281 320214515625 63429429904 8658302500 34605300625 508502500 12739185424
4807231651600 1780618022404 1049202781636 277455027600 20472172561 21346671025 1438078084 1611701316 4322405025
8009692419600 688524891076 1457652972889 271918445764 1963515575025 32286339856 65509890601 6629704929 15928711681
7585539025 12746785029696 4799249736961 356336169721 145061195161 2069523925056 203139504100 134154445441 81859504321
11627793102025 497483355625 278200337809 2390171656324 4124979076 529292625625 59367759025 5834209924 1141358656
12468879076900 1356386329600 269958180625 65009190961 6463853692921 1656863244864 25872722500 11687123449 40435177225
840766126489 11543726531236 2030582250225 277271752356 119297706025 331977630625 50806512409 13137744400 2849637924
379023691201 5120625894400 309193826704 206602066225 79059942976 1215365134096 186256980625 44144531236 187753223025
9506985555600 383520104100 374169549636 48789741456 44856698436 289820722500 190384804 7096209121 12536609089
2995585562176 5726688302500 932955082816 1563982851649 501935408676 164033910121 35132628969 250659434281 5028086281
58516093801 680959991209 92616748900 638447342841 147178882321 474445440000 37222756624 975612528361 85027060836
524029762201 645332662276 77175618025 384841566736 21480419844 15889610916 27554008036 13585767364 4576793104
949511876041 548538721956 1670817345201 153183000996 436323660304 633587344324 435185618596 31897245604 3757690000
1482578982544 2437579625625 212174469376 1628709411681 600284048400 220047304464 492902284900 297208148224 250773597529
2672214665481 2683866339001 262838731684 56697324544 852069301776 1069944100 13011736761 11164246921 1859765625
201494152161 990703706281 77430297169 1555809677041 290639592100 1823515341376 3322139044 13201550404 93176341504
8450625744016 943977412225 6686827092100 88573497769 754365205764 2280540025 261655779529 12740088384 9090669025
371575584900 3560191601409 3520523556 535436110225 910820188161 10918787049 80305924689 1794115449 9884336400
14326421820676 422986339876 1466736804 424409252089 703206353476 39668290561 34052428089 250356126736 19452159841
7687604658409 16516599939844 8337789075529 1867223863296 69227924544 75988435600 12649725841 16820274249 14478025
618613710400 207298090000 10518963844 1092756622500 267756572304 67653570609 56594031025 8688663369 6439260025
874769254681 357946137796 45037752841 325256917969 88327840000 19718618929 11088090000 213364449 284900641
1349786210809 93300313401 290896265104 285527785104 46947188929 62854501264 58644964 1433758225 168100
4766855655969 721361448900 2785457522961 106898918116 40887266436 433968690169 83463210000 932630521 1103169796
8204472279025 2281489411600 1626884944036 2207765081025 154645562500 297768845124 99299353924 8506926289 48299292441
223595633881 5095033099524 317576204521 339588238564 245422150801 3161587984 17300403961 922215424 980190864
4967295360049 9314374386916 4181354266896 3239323235344 30061664689 73640591424 130396098816 56618298916 305760196
11479716277929 1406408618241 543962329 281162941504 546121000000 287483630625 91034354961 479391025 21998822400
2437189322500 966749098756 333322630281 305606635489 968204832676 917216105796 48146014084 92804311044 282508864
4985766491689 855959882761 1330439981809 90917928676 1686580624 18770096016 22092957769 132057379609 59938564
14979144684100 1406301887376 73348347241 1066411459584 494097932241 154372767409 7199013409 74256795001 615635344
8899410643344 34329419524 4973172063721 215729594089 371481717049 394657956 9801594009 722534400 1447650304
1797026043024 3303149946849 1794201312484 237309276736 507066471396 750567520609 507391234596 1143154425856 245724438436
11393865230400 521418300649 428039137009 572933941776 525452464161 3475809936 72430956900 11632701025 38982158721
7832301890625 795428529424 2280565103716 308150442769 621894691609 1582607524 1330133841 21934498609 6411685329
10813074728976 2453420995600 43805234209 273964309056 24121817344 25512714529 7871593284 268009641 521300224
1772144025961 919980232336 34994436624 1303727792481 4843828756900 7566390225 1007949737089 43834121956 10726744900
23071483449 5713175550625 2080601420041 792425773489 47788583236 1158012732100 49169071081 13387647025 8650488064
9309961795729 107765161 501353211969 225409401529 8955593956 66767459236 109219674256 15785409600 4176649129
4796437265929 7120177109956 5583154636900 988475396841 215108584804 2419754481 107987818225 15073946176 79727169600
10905806131236 903083394249 35206893225 1107246898564 686471903296 83851364041 22827583744 1373147136 75042575721
3146281298176 143904905104 1399453510225 236639439936 437393081449 123184854529 6738932281 15448501264 4386545361
1610020925956 590152749796 469011304336 175151457121 338817126400 2474565025 9551739289 107848225 61591104
15796030234084 1864961684496 938668384801 779860311409 85242393369 268858842256 1017099664 18015545284 3876058564
1241497350625 5504898025 270158773824 218845260481 115821105625 188474066496 7101769984 1802851600 1928000281
16627474182400 3664073587329 1976003735616 318200912649 51790380625 342202770361 90825685129 2725570849 2325650625
5307489832401 3932245374121 1205546904676 825761133796 1336518654241 508661372025 309126724 386651406969 4268531556
36759625984 3600343066849 549339844 4746796609 137207272225 2614035772804 1569998976016 445926121729 398273325921
15727244446081 1175806247716 265119950404 244198058896 59080108096 514743111936 246992656 29098901056 18668849956
9481072348225 439521265296 329428933681 832386171904 568086301225 286621036900 2251597401 3671148100 7632468496
7798123270144 83432011716 289457988169 707740260529 1137400920100 282542481 173301527025 172721697604 142945936
1101345302500 83158987129 2001775055281 134191807684 16017433600 238512094129 364046400 43296037929 6832996
7226333217856 1222114773049 163719772129 794930944921 19496257641 2950988329 87521897281 4517184100 3307515121
174059177616 3015585063936 607185366841 92969498281 562708519321 662413676544 668352030784 117649686001 367889558521
7520006361169 40653447129 273737025 309914890000 353005904449 16303969969 62445012100 216597160000 951352336
9985378801225 9786661316496 8338799739204 31584398400 657035072929 5757317112481 223296886849 171600577009 26319546289
2127808607401 43270240225 426179174976 4220970961 929820489984 3818749122244 334489879201 428950333249 15101460544
151785043216 96084500625 39296322289 713612699536 712202654241 596195546769 940502342025 47547110809 13082326884
8941014963409 7592682496 4263411428809 114146676736 142470767209 32681769961 3209562409 19051176676 5349020769
3067710214144 7202685823524 3127793862249 1084045380625 196499818089 133168795929 192521745529 11308408281 26134602244
10114066388644 46535549841 2293904110096 183235363600 890760327601 819513772900 33581295504 37186108569 6361976644
9835907250625 135255508441 2731734756 391444179025 1521260759236 38108505796 177092838976 260828789796 8352132100
333733823809 1476800966169 9011325184 143141155600 106213417216 132471977089 86025476601 22722849081 20721602500
2013790884561 337955032921 643518422416 283723479649 357950924100 6042108361 9393292561 248004 116100625
8631162397456 531387055369 841551204321 22711695616 626418429156 106710675556 5531904 56384402116 4013729316
2262220548624 13286192670529 3129113344900 510173061696 169643486884 103089797776 2867281209 501043456 8285732676
118340128036 12972298816 29796283456 101312980209 282972930304 3651784900 474891264 4553955289 3882785344
9187755139161 1874730547264 645159155524 1077873774849 81291703689 15994155024 32097947281 16147039041 2970250000
1365745936 13339908883456 447618649 589564444561 1528284392644 804879916801 151085357809 141309079921 4815388449
341934901504 8524303568881 2046118541476 61745292196 58641949921 10929636 97278769 731594304 10997297424
1718395887376 294275870784 850117192324 33529272100 1980250000 491123443204 4068289 1051250929 1004699809
20934788457025 3318835002289 2182146429681 639528087025 18137355625 76992375625 7001338276 8784188176 4524445696
7732587247009 11574962569 628860102049 1350415981476 742426936164 28633039369 64957697424 106451460361 22140547209
1036521501409 6476495650816 4567816190025 140439811009 465508727524 7252906896 364784592676 1300970641201 37402012816
16278989686729 96575506756 399158604100 301762350241 29720380816 61257735009 392673856 38001603600 6740574201
3361109888889 658584187024 1847979235216 43441397476 299365462449 1015957154809 18557250625 81837761329 13605822736
60894445824 1683953296 74823584521 5142603888361 148642633764 10457229607696 760687486276 111208910400 26941283044
729649098025 224988948900 424972306201 284412089809 61346868489 57672983104 40996530576 20079740209 5142897796
578262910096 51689841316 273409768996 97475708521 169223631424 44334250249 24470970624 289306081 16809122500
9235198868809 9715689 391400384400 260495910544 1870157446369 65397832900 138291759376 221689363921 7802895556
868825323664 42491638225 83883219876 856091263504 256158466641 81750246400 38246060356 2053811761 5795167876
3397165059600 1797910903044 1142098316100 2670416807881 191779181476 3126319059600 1705769214601 51334418041 3318451236
2350303624900 601504171489 121988834361 264200112016 294762126400 4914150201 90105630976 61366189284 11295863524
13900302912721 12360547684 7704977284 352404887769 75840753664 893711025 51368409316 240513738084 59068927681
273129573924 99677855524 5304791556 492962664769 186509105689 1259043289 57248218756 1779321124 11326067776
5419728336961 708039785401 758520806761 363066502500 677801484369 79780827025 56250557584 125054884161 14345811076
399214203556 4757951900529 1285126045956 140564736 152238871684 8155896100 1535934481 19882681 1071645696
10448202887424 2741670328401 455657400576 1353141256516 2641857201 29134734721 141934534564 658743556 35205767424
9894170250000 53626651212484 14628796707121 2784095810721 97288471921 54077177025 155639718144 38048793721 11632269609
12818082655225 278454625344 23320038681 135103294096 2182158247369 41469656881 160478224 109847170624 11870974116
5940367920369 10631375415241 5407833975625 2154915369369 75626650009 14398800025 34718868900 11074405225 362404
534151954449 2048591064100 900927485584 95663397025 97473210849 92462821929 284765625 2165599296 118570321
5140368148644 4139540191396 6329952721 1379081481649 1176422236900 313361485369 258615982849 228380763664 162351779041
12378603768976 532978842916 381472993225 1296753840001 231769067776 166295946436 129687854884 17022942784 4601025
6463568946025 1058299815169 307224101284 89533206841 1214383104 221629100625 12394146241 2195765881 357739396
309653296225 7580488356 274933484281 493003388164 328955014116 1781079754041 3415350481 33274502569 17424
954036655504 221414479209 67436944 168980189184 473661909361 584817489 5375235856 50212742724 134536801
8068622043024 19357800062500 8347170387609 2778595615744 98049144384 416323216 49319970561 18894426849 248755984
937095633369 209483797636 26433557056 323359410609 805980199696 61194390625 44775406404 296115264 36004303504
2279112566929 6328811898369 411646710409 2620173503025 281475874849 362355841600 143598555136 329712530436 5826116241
231750774025 3818869209 73148611600 149338192249 281386750681 1465588089 19586002500 1984524304 15883056784
1381174954756 3192897249424 1938179074225 50034531856 1731587546404 38766853449 394549809424 224147327364 49822257681
717979991569 449955199369 72094398016 525185741809 82266286041 273798934564 1189698064 429318400 13833758689
4299497631529 22400929293444 7552487816041 750375202564 118916694649 53429860201 53400739396 24322585849 26722767841
4594570815025 4518472948900 1971668113921 219657192976 17924122161 175544240400 11633563881 8782876089 3005122761
4404373795600 542610436 327709306681 151748423401 26446565376 68838541641 269698455625 22516803136 31987680201
526073145481 1849430025 2583078976 1121148498649 238007379600 994312111104 805768341316 66616642404 185580885681
7370828615329 26121024400 174771655249 1721797981929 304991296 337247332900 37097841664 24449387769 11110214025
27891004036 218598327025 133955268001 4970109001 103927574884 95731454025 373146489 3418039296 11387450944
319882998724 187808690161 2716658836441 484627607104 232544808441 28924485184 309755694249 18562155049 5542206916
9945956145841 5684255236 201574958841 466860625984 143991409444 11353115601 40364426281 862244496 15441293169
2434617226276 552677756929 7330572495009 445139827344 2044182203001 33170244129 95532300889 1433303881 11866180624
11697891167524 7086472933849 2418746573824 515977875856 273853356100 1284740639296 766766425104 1177018859025 243917454400
1188189381681 437730084 674298818649 101627064100 133081228809 317656232100 67667076 10745188281 510172569
15700629609604 2261637007876 3998044239121 1732474575225 896437814416 82816177284 124164616900 1212989584 3988048801
685946711961 31665846601 73988352064 116028115641 353250733801 6128228089 1983544369 23131368100 9840838401
4940341945344 2703551485504 3413710750129 1740148807609 41045544409 305275035289 19763579889 10322966404 10924430400
14272792864225 1311446393856 258368890000 260850240225 1000638101761 46665504484 4900140001 34084544400 397204900
2959483699225 17524993924 3298171991569 960207929604 760406672169 9316632963856 79481141776 215730523024 143966366041
3724695422809 143946636409 5071576225 127086546064 1338183926401 244548052324 7813676025 8151561796 6594252025
15950965625956 33714835456 29448962449 124176597769 70896517696 116822454849 16552623649 6718261225 133656779281
6816689152641 4455320442169 526946779921 137402921041 37372235761 506880196 26205781924 22452624964 7553695744
16594077124 436980492025 5279330281 54486763776 144521625600 6666559201 9843219369 718561636 2856261136
7031884132900 527664224025 353828677225 256004628961 926895264516 122520300841 231503397904 87100536384 42651336484
6350742724624 854034739600 1835680846129 58863979161 191579539204 429649984 33292381444 113184472041 189805729
8541549843649 7060704784 97696254096 22711997025 359619700489 208268100496 168818049 65701480329 2264237056
9904628484 669377604025 5392699225 91167763600 152966249881 7393936144 16756525809 829094436 139736041
1579649299281 321293981584 399418944016 235011648400 324751816900 3956284201 7908900624 355360201 1704533796
12546096950209 22262132025 748316692809 273055367209 35032234561 218835904401 2656268521 26568022009 4041907776
3238748100 6596216256100 2137686698889 1035039682161 221954996641 1681311595716 27463781284 1818937201 28299314176
596702176225 106501711716 219307699809 139876748001 187501990225 14012877376 41807980900 114062400 22384648225
971405388801 10879053352281 192958132900 2010412052100 188432391744 1065802270129 106531084881 12010625649 2170441744
109104696100 3869214889024 5117263806769 5516924176 1370332324 689891376409 1084434815044 277556170896 200109316
5754884336356 224597322889 1923649719849 114738012900 10714941169 8547557209 8177404041 32765344144 1524668209
359100562500 1735650788481 1180132422921 87241073956 255940880836 29118692164 129538807225 110166016 181953121
314493275209 13007174401 488964547600 203555271241 13919752324 921154613824 219012768144 660206625961 2856047364
544365071721 477498966169 428651731225 142452650041 3819240000 247977108729 848848225 12880434064 1492045129
1562702506561 2247802921 745874049600 295754331889 7099242049 157239213156 7619369521 38365056900 1413008100
1602191413729 252968761600 482974961296 286789167729 345146850064 5291253081 11623642969 6775609 285069456
332515996164 70809742201 25134614521 911177157136 197230139236 1749748900 16614694404 37662769 5807811681
43581572644 73314226756 87045061156 228704889361 1397320218889 50579560201 13189833409 216793603321 71162498169
18869779972096 2011515321841 1561500160000 1218069810244 25846671361 41790807184 27465438529 6268838976 283686649
12239922073600 15436820025 1014268537881 101363914129 877972748004 109379687076 2953487716 1077152400 397643481
7131783891600 2132332983001 1100455548676 1458077985081 101143080900 54289466001 89644551649 4614620761 20413551376
205811932225 4859762944 56992490361 101400849225 274248073969 1690607689 5301878596 2151660996 8182468849
10816573788736 4554280373776 2091520471681 991157633761 3334023081 16335651721 4348083600 5295763984 8478358084
1632547954944 4507196936256 16298862889 5984579395600 18992422969 5956274540304 37421741809 103225600 145177002441
5926382289 3791234329 91866579025 49809758761 117735451876 3030392401 8466576196 2180329636 619213456
5379022609984 501946744324 8360824297081 392872041 297151453456 2380466351376 320338404 3376772100 14285986576
3475931428225 5784275122704 1545140983369 333416166084 66213582400 291720972544 1974291489 51965761600 7749104841
13341530591236 779950389904 3282946209 19201922041 742835410641 347379393321 80940250000 61050997225 445547664
504276095376 155121761025 185625690649 112632729664 177461672644 25481736900 32371206400 53523856 19608120841
12383515836484 2211671634561 505353217924 138045687025 73126976400 16315719289 4844401 8527229649 6029367201
8770298637961 471140841609 26012851225 293487645025 990355367556 20218564864 81526238784 15882300625 6892652484
729264760900 174724 682543650244 117206261316 97666875289 252257071504 109064402001 58049674225 31417917001
21119355625 12129057424 77254534809 87886752849 100662791076 2884227025 20238761169 1409401764 603340969
8443231964176 6769467312400 689745169 565110020644 7601137224256 262043657604 436796740836 587378156836 27526128100
405409811524 539261110336 2530988264464 3766154161 57737361796 259791031809 9259849 118615492836 20855403396
8158621068900 3481541760321 1350576352449 145815532164 629786675281 4667075856 24971584576 4262653521 3713196096
935769891904 433796111424 1341114544225 308203735921 151021618225 1414584345769 445875372121 712145268769 544192437636
3507713206321 5035612296289 877671059281 3466358817856 71663825401 1899934181161 53912660481 17057666025 4112656900
4705649901001 3803693493636 1182373516900 64038351364 181332040561 81796000000 3812568516 12879980100 7436529
892412744976 1173419730025 15485064721 1315492008601 126098850816 28724487289 27330702400 14329287025 287879089
4065675387904 19928635222500 5556269266276 1469176713216 31856181289 119598388900 185192515600 127383320464 5572921104
12147713417449 1015457274601 42219975625 352619817124 65662012516 33719609641 961558081 32570142784 18910650256
43634196544 6188968900 13487105956 59997563136 95964267961 370755025 23466563344 17031816036 14807725969
337814363524 150804848896 114712270864 126487633801 192567380625 18331806025 30575669881 41602500 24803100100
875405368161 297217961329 287998589025 152220143716 26644685824 320674170961 19441840356 51136801 1560408004
1448116204129 4175544862225 12569997456 45639485956 49613107600 6254595396 841050399744 300368667481 10695903241
9046126951684 20770705985121 674481127824 8017154405764 1085274315225 1609368794881 90254579776 391092639876 108226524484
1651502571664 592433471809 113228212036 1805570064 63156213481 623045006224 83893067449 122850250000 11577760000
10355002690561 648139315041 59778783009 170564044036 398953930384 9870422500 25917780100 118683695025 718400809
2148616545856 144196391824 885704972161 322052845009 340691681344 15876000000 10019209216 689850225 15784729
761889816769 31925470329 392334365956 135871857664 178963687681 26223591969 26655133696 253287225 22627078929
951569034256 7808498108161 1743128716176 318410789841 107067038521 47596403556 22183421481 7576483849 6298009600
5728564607364 1363852601281 2415593591524 109653699600 329765359504 2413756900 41830475625 10071326736 4023111184
512519969025 826119205921 120592285696 41364644689 202925022784 258577335025 21124587649 45074686864 5345218321
782511852409 16369155364 410350423396 56865556225 17221575361 4282524481 8130087889 3598320196 53582400
16971203030544 395159332689 580604376676 1073233840900 405321949201 9409388004 84954760900 5352092964 5987045376
11425441063716 1625092093681 1530074989444 277258061809 767614290496 23137147881 29590880400 1685430916 5816655289
5551306166641 2702213233281 2059075762704 37983281449 2859927441424 3005847452644 942431282521 6973419049 160312952881
16889757381225 228405614724 258231667225 152590234384 176279900449 31073228176 2306304576 73362972736 15090894025
11185620049081 252341456896 7714635889 153065607696 256165552384 205122033216 175620503041 19904695056 5973280369
298428393796 3116326457344 149806928401 497116654225 116133734656 199991417616 53258023729 601769961 3748990441
13534923272256 12196551844 763251129 611524 80280988921 634756384656 2249984356 64144679824 10194133156
589309552225 10938858921 81072881289 299680699761 365281228225 66145689 7468589241 30256167249 6774113025
13891900569856 2527352755225 203067396900 1669434548356 51190872516 220860521764 74561763600 6189440929 954995409
6808128159121 410534932900 1258812193024 360351685849 195981519204 3234083161 50982478849 23403798289 39352243876
29205442816 174004111044 1171213729 3096477316 211185283401 33870353521 95348176225 6247005444 193933476
1443273057769 52611973129 194579796544 890039409561 3765417769 1098358496676 1315115836225 343644508944 4148004025
8086720688656 9654946632081 20878895451649 309879262224 96446892481 2378420937369 77658640929 42647206144 9566649
798240394249 426764305984 1126873540849 318529299456 112883232361 26901248256 98749291536 6801630784 73085401
286276362304 191625938001 23587737889 1330006321081 131260565401 188751147025 76695763600 37465086481 6407362116
1753725464089 999616036864 3075796902025 171971943025 36531441424 2509277764900 53235871441 5102816356 52345779264
11418985881601 9220386907081 3963858011136 3846478027536 33907907881 598056302281 68367606784 36613291716 66304190016
7137296951184 23237441993529 1848531194449 4279035627889 580508371921 548374313529 1108598410000 2556801 530045153764
564335995729 153057000625 316789991281 82805242081 174124267524 32969480625 35224533124 1866672025 17629200625
959126422500 2882232825796 4745418769 177228370225 30619400256 44911781776 27028675216 6148755396 25670768841
91532871936 350540964225 504288877689 918848776356 223434890721 226549344784 9700674064 83700276100 20502784
13813300900 5869775708644 22161681424 37523564100 227611051396 171569924100 69065416809 839162259364 57782544400
1822265344 7741008289 92503572736 23206256896 137997390400 7782415524 39944419321 1594245184 19018321
2721787246656 7147933767844 151732062784 4497975030649 1599648211984 503899799881 1637639768209 1620327872241 247719225796
108377907264 2864468240676 131624565601 1232010000 305832226441 1594113306724 43420140625 25944189184 264624849889
13778721280900 32554738616976 6220050964009 482592806721 3679437530596 9924308182369 562197040804 1469297925316 22738227264
4439752413184 1870931552400 2485383780100 171458105625 853790784064 1163272259601 16478856900 59719629376 19852246404
731627043904 1485168755625 110206736676 189006693001 33685096225 10811632441 3120451321 48900688225 16033890625
1454146574400 600769158649 443225725504 140385851761 300218518084 1416769600 2640623769 3238748100 199600384
1029334022721 201316434489 669935702016 364001055625 37672480836 61415248041 17902707601 10664486361 10572158041
12369183490225 1324520170884 251732992900 1361363900625 290236477696 260489785924 800267521 56531244169 9435208225
14080393188225 177018781696 177141657924 23907344400 33358830736 215276512441 14468481225 112904736169 65494534561
181758974224 1292530241025 1255390275364 17289883081 3934300176 1633475705625 311888740900 318628638784 14514948484
2815412170561 21307456 697906526464 1904536881 83248983841 2264570512801 6424503409 35071925625 2919348961
1493347544676 19540964521 1185195836889 245543043529 50899872100 91620630721 13398525504 19536771076 4105861929
3565881225 4574931710281 608930515600 267479289856 88941729361 86898785796 2379000625 177795556 725063329
2186145587844 1673512211449 2044834220529 380819815236 211827301009 3839785156 108260082841 7883308944 49462649604
13123077136 526692741696 6686496441 69627376900 137441474361 10335772225 8995384336 315772900 1188180900
914201787321 123860355844 122969448900 235954034001 81506253049 129814648804 11956547716 8866293921 220166244
279003691264 989253030544 48096437481 55562975524 136522121121 985206544 19492627456 2146283584 67713927961
12103948939329 3212013099681 3427148777536 2299293060964 638517659329 233648490384 124209019489 5411220721 11833600
13964944780900 1688445557604 37020453649 1014884982225 4442355801 3024230049 227400228225 32243230096 29040931396
20476014151849 9590839160464 4426803376009 3341024655409 3346738201 420464058624 46828527201 9522246724 24148538404
1564197961041 600865274025 497706263289 182738295441 346619497536 2969487049 8847095481 781537936 206468161
17996759104 459799267225 6351133636 53216953344 151981463104 8855751025 11505351169 1117631761 1293337369
710901922500 108739019536 6057197584 3036125032704 108552457729 610729746064 110154291025 824608656 37068571024
2711340958225 4195283001121 2698456719204 1644436910736 169435140625 17314612225 1695215929 40397382081 10776516100
6688290785929 3844642522176 428780064969 584463308004 121156205625 64671033025 425679424 16980174864 10443818025
1440895339129 2203312734736 199457812449 3412535763025 13249161025 2615054454769 27210811849 63006020100 17881840729
1372042080964 661034041600 133134495376 1372456767361 99529523289 71399046436 20757029329 16171700224 164814244
3615861977764 12700342572516 1099452908304 3505368741169 808896975769 534640278481 35368068096 3811827600 29051498025
20500728339529 2236550160100 380995093504 1058591996641 32560758916 150209536 172784874276 45784872676 6576236836
13062607893729 860783150656 24341304289 68217604225 448794146241 784430833761 20960958841 8497705489 21152793600
283022936001 128174740225 98614840900 139619553649 281426006016 5148206001 31429616656 170067681 17988979129
356102208049 1593615888225 806635700641 7255802761 8834496064 1755230172201 12006242329 155925169 49606425625
132774241924 10026217161 32068930084 88590164881 309589862464 1627154244 737176801 2426153536 2129453316
5766188861521 1009098602521 2823488744976 172917083889 2031214761 1259061282241 534864046336 1147906531216 111261606481
4385790915984 2054566757376 1194633698049 635244068484 17259127876 90251575561 7666403364 150797082276 46424304369
2027852896729 447647974225 663969114649 275374107121 291885189696 4257171009 2017806400 941507856 99420841
3024326205481 78981795369 798535257664 261313171344 1855886400 274830084 674719316569 73177283169 55165795876
2405591694009 10648298027929 5547555855625 1430205511744 824978008089 2140542756 1409838017956 79382499001 57730633984
3785230951489 672716557249 1770810561 116374452769 50692522500 62869544644 2351571049 279491524 896583249
53478412516 4323530076100 2153579730064 26815372516 367204488676 10771948944 15084015489 93253890625 15458943556
748679044 5024528470116 362600278569 58456601284 51575318404 23489547169 162258312969 3885527556 53805905521
9826964770401 145292855929 23963968809 525433617424 883423288836 91910569 114327839376 30116478681 4075673281
1000352030976 323589184801 100553044201 254121851025 69577250625 38683809124 7498694025 753392704 20394256
7316348765625 15031495609 8233566121 592527378564 8312515929 139107366841 16019458624 118804991761 13111853049
994657155625 379258905600 122798381476 17527906449 418772059876 675394686976 76284230416 36057832321 10915861441
5150226286921 30614288188324 6533994844224 2197317052225 110852373025 133805982025 91660590025 15069281049 3019832209
16583773893124 332989010704 597807312400 269218812769 493590553600 182915314596 14248719424 9307618576 35175002500
1025800301124 218156253184 152142122916 286903781956 52518430561 40284905521 5069155204 899640036 147064129
585561648400 1520387641600 613276934400 705558000625 942458464809 977553396369 1163205390400 80244159076 38963996449
1732374542809 395604518841 237487604929 38674762281 223543622416 75622800016 67492922436 88004782336 653262481
3200956929 39052083456 41014755441 19964842209 96217215721 4426507024 9119677009 2566404 121528576
1656438498729 3705694300324 3116319396100 1702234261809 261708980625 415449858916 234791609809 1320159556 14198390649
1663669167889 465227669776 492471308169 212173548129 259816517284 2216808889 2152217664 1481711049 21483225
10694332307961 597241478596 10789392384 501256920025 4749001569 2063158084 784784196 135376164225 26856982161
4438555676944 5432265041284 1450504688161 95984714596 42599721609 5523016489 25999801 14593606416 806162449
914567068900 10294793102500 70087267600 1605636176769 306022495249 4350432321361 117629106841 579121 16838176644
12225687075625 16042502281 112941700624 21161229961 293008937809 676494735049 49737028324 350625625 3899627809
215205993409 4846980915396 716445437761 3295974892324 1057495495716 1400248589041 1445712854884 91493545441 40240360000
876657690000 12567755236 1249273408681 49456422544 100835462116 189565322881 17233388176 4746521025 26880258304
220180546756 133618029444 131238828361 193998845209 361076002816 14517599121 175933696 5251900900 7165622500
249015970225 10578248866084 1295196496489 2436014736 17679159369 213041326096 44940184081 463627024 3292579161
56763062500 1470398760000 725156136721 386656381489 50851161 34508635225 504636902884 99599572836 2637746881
554859622321 293745321 26963282025 307689871204 532231529764 26907809296 11114008929 24764372689 761594409
555524262225 49593063025 218102076196 179792112361 215596776976 18273362041 29153172049 150136009 30748323904
15675290401 1123468563844 16022496400 92239764100 670482568900 31295025216 76990710784 29073319081 7133829444
7671082987584 42043150796761 10498973804944 2823055238025 65679438400 340990595136 285088719969 67426431556 105144516
1466005159369 560373513561 30704851984 148833924100 707511452769 80802121 9536303716 50699727556 1684281600
1458809827344 478734400 624229566724 100013430001 117333651600 278539061824 4573005376 8952755161 3444750864
453103996900 234519369984 124541233216 143163856900 153966772996 5849037441 28952043409 150332121 24665958916
10396935927184 14516100 870836110596 161437614849 767463602500 154747037641 89929213924 4549907209 1554172929
2619063195904 200847385600 2034505702321 164971631889 9789321481 527028085089 7069278241 46356243025 30354350625
4268897309161 6870060366400 4977267298441 857657505604 65914914121 299721211024 207792225 15729173056 346921
1122205472964 32463751329 848331260401 184042716004 40669982224 124094857441 3545845209 28331285761 5305228569
6229926144324 1529318062336 3128448262564 242331489 274052250000 13361510464 34485975616 11747308225 5887032529
1001582625681 310397179689 510763214329 106700875801 4624408009 267045031696 1274133025 353364804 2475659536
2120503878025 192074457169 756656419600 290713994041 391450435600 6273432025 21809677761 701826064 10929636
31136014116 397078940164 19627169409 259242201 216358010449 54437289124 143575061569 3779052676 8046269401
1293544550281 55612487329 447574380100 91861729569 46315344100 446798664900 1350121536 14620195396 29101971649
595814172100 1800346732900 1831139414416 10056680089 128396088976 85581991936 455310244 10299814144 2090135524
1397436065424 365466193444 333798529009 189641959441 301151805529 3775979601 3722586169 181629529 712943401
6707903161444 183965503744 3430210624 376183502244 278759712529 22191167089 15528898225 158534570896 5662713001
18504700320681 1016305934400 1012486738176 874383957225 335148366400 3424239289 43280641600 1792590921 2277484729
622476816784 9382440769 110839055625 560036702736 442737198225 10361204100 26949490569 350251225 16540274881
1498200480100 303895305289 28730250000 29900288889 2190494721024 1792329210841 226312372729 103536576441 21086524944
4123563790336 4928533200900 4260203328676 788220801124 171956184976 4607151376 67430066929 4180010409 61233482116
634838416 2325856805776 3105599077441 29202024996 228729758049 1916513284 4925232400 13940052624 197632704481
854709495025 99405892369 92787252100 1936503245889 51373848964 1637212375296 126787269184 3302456089 12746635801
952445220489 764533389376 99398325625 1016896778569 95882503201 343452258304 7369364025 5244077056 8730659844
7490895302500 10831569588225 7580005618761 4203135524025 18500352256 2761397401 77605702084 95429712889 5514844644
12502305939600 95928336729 34774609 949864652100 371217244176 232750283364 37120958224 153826330849 1004636416
6194608276609 27195401036241 6091843403556 3523016380900 185344887289 780770166544 253988784729 193738561 12211576036
566712356809 5002652428921 382694416129 693357647761 93088450816 140846337025 26265712489 1149006609 516471076
2270250360225 13382544302656 2525874490000 6315138844036 95672057481 4568713877025 83916819856 577056484 3167550961
612500325376 57554888836 1260676036 998372662596 304993316644 43608298276 67486687524 2151660996 4400464896
8097166184704 772728804 5746534279249 469675584 409464331236 32649796 125491645504 76759473025 10844931321
486539730576 6435087961 150281826244 65028060036 255515085225 416323216 1156204009 9267335289 7255632400
7088853000100 1119622166884 416621193444 57387556249 2109840489 94194975744 106844650641 2732675625 3196319296
3414845284900 4877118896400 486806221225 256466280625 248152426201 84069842704 12671329489 50133896836 4115607409
143544750129 3547884917889 111369705841 2752576225 320740995600 650740689225 38778274084 46634834401 284472889600
12327654677776 39280465249 1139765489604 311737972225 1021267894084 2878859025 28344976 30650555329 490711104
877127775601 962464988809 41479024896 1347530932224 157185289156 67133846404 39929630976 34825904689 3116207329
16970618050681 59486722201 2023650225 48719084176 27890670025 351162908100 103649870809 29502184644 12314118961
14749278949441 6413044695201 1455379244881 1379318709136 82953792289 17606416 44971988356 2281304169 7752098116
2953675327876 12902923780096 5850433800289 318416432656 165704356624 8462528064 36840963600 27286414596 11629681281
737667983376 10589785098025 237137833024 331667720836 191074768641 2577045881124 198021184 31884030721 2665347129
5971933612516 988893013761 532831382209 252654006609 314920516 71411872900 33009802596 89205560929 5943176464
2069774246241 23790825677056 5980974033609 157469286976 98841700881 10218783744 43738284769 41292272025 427993344
370020373849 816587776 156360139776 134954104321 242590726225 28537007041 25592000625 1867449796 16228212100
7205487964416 535440500644 3507833072241 102104533444 177146708544 1689045604 7021602025 222129216 652189444
783141812209 98665092100 96389137156 3807399977536 85946303556 2885500152976 311571610596 232117749796 483403153984
1455880336 48428604225 1322122321 35509633600 263931870049 8065297249 57909053449 3683033344 157025961
2734472333376 2348973108496 4248430013584 410226159121 69186359089 427352453284 16447806001 120249432900 1519518361
881799877764 8425440880921 742909534084 910201862025 117271317601 408384902500 127283405824 2491607056 63904036
552990038689 18639075625 762074874961 40532158276 393220547329 211069492929 792174761764 343486249929 160248096100
7056561903561 2988497040529 732304639504 739832218225 1112742277956 10843681689 8447815744 138779345961 21325637089
11021795768281 1198072539225 606742849969 434070145600 32379483249 53792916489 316918332025 215208900 15091876801
23165144401 20366714944 658585810089 134909290000 242619294096 105012939249 1723080100 4706783236 4670492281
10620240194641 516174713209 462370080484 307720935076 1644429216609 230227232400 135310679716 1486950721 14141490724
1826087363584 414415350001 514939713649 286829869225 310386037129 2706288484 4259259169 22905796 407393856
115535409025 2765459243089 391492981636 1131387486889 48677596900 256288081 1407525289 21141604 12005804041
8272284840964 107294243364 93921409156 223153256881 35906839081 286682072329 267224409 66352092921 10082971396
8383931832004 664976642521 349615586089 415225584400 98745520644 457507490449 3202994025 87217446276 287472025
425407886289 1072204333729 267716212569 600654450361 188354264004 12392142400 37521239616 86743797529 360924004
14091142069489 6299131177249 1834236835600 1248111261721 128449843201 48422002500 203717725201 74500610704 64895524516
30895444441 10636469049600 93972289401 1229286647824 4694168196 241957739664 453370595584 526045584100 49962531529
12602812401936 911891304900 1264039247025 75502949284 427440056521 5304063241 8029056025 1189077289 11362707216
31189326025 4124688850489 440399467876 22306729 59636082025 203669884804 16508909169 3339452944 119137225
763725679396 297909647721 34654428649 681390815296 1583323923204 27250415929 66601921 25855032025 37600700281
924070773796 257775536656 776728467684 231028267716 31035516561 66631096900 10889966025 28448894224 49003791424
907829745601 271843360996 573238265625 239279462244 33281069761 28966678416 6784487424 21636644836 45565598521
10369134172996 100150096225 1270708609 23924974329 127057984 849982583025 158910660496 2642782464 8561430784
19504765616400 1804462949809 2113386155001 815817207076 38581602084 6724328004 5613755625 12357657225 2561270881
396288649 1073138533776 214915600 160076809216 114748175025 89605156 2863855225 179776 1195084900
4498802197444 2419353152329 1132057696324 92527297489 50999188900 3374564281 5439947536 1735139025 5429037124
14116747215076 91769614225 283713891904 557442917641 8779369 16049595969 36773815225 5924996676 6052062025
7660395778564 180380282944 3195778330276 448149913600 86684314084 2652559009 4108297216 408484521 22238265625
1611158030596 148562451844 240253884649 1239007193449 157795645225 200343969604 29110843161 7672008100 9223105369
7294315238401 113904225009 607324076100 133439706436 106668213201 203268427609 386633569 411562369 47403225
2178136174201 534203115664 9869876756496 300867608196 156957800041 1420740034704 59506235721 601122653041 56766874564
1601872453801 7045818124816 2534788778404 557439931161 43069115961 956912356 8477805625 66393828900 17384949904
254251926756 699220405636 37228544809 416399184100 145996589025 20973701329 4748041 34029180900 398042401
66449497284 3707931508801 272112462736 719673968896 133916474916 127412588601 13255837956 598340521 11750993604
13660157281225 128913316 102735634576 722209329241 15239161809 144381000625 311875600 61752747001 26293271104
461256947281 96789432100 134349372369 119160278416 204461326276 14488696161 21681973504 34703881 15811302049
1327574057616 93261830544 371312297316 251063127844 2640932100 131952742009 25882052641 25506964681 8936677156
788385943921 1412812749924 873428561476 1714667159209 1390498489636 1812924909601 2260782888100 315808033024 92145030916
12250175000625 359409842064 226890268900 722423502025 157975246521 19633894641 76235075449 10754934436 7780122025
463927178884 1224455115601 8729912356 368090957025 39308613696 2975266116 3641156964 1808885961 1138657536
644852362729 391242744036 376167555625 151740632521 25342729636 665536804 8043040489 6061401025 57794564025
5953268164624 2887634084416 4551526225 583741840900 635409859876 106203640321 3846108289 571640281 5343171409
2702190219556 12925714705225 4718118327129 453362515684 92596055616 24959892169 2390036544 5035179681 1110155761
770009760004 133896714561 501346131364 1592785347136 575663625625 1517474132164 468711390625 185498183025 18537094801
1950083774116 3160569284401 223419764929 3250185191929 9185497281 690855205329 276809620129 221133181504 63623504169
443719851129 103770958225 31790533401 1300523564025 341613363529 503380317049 88378801 154144182544 20438991225
15885158813161 6232652054784 2338516866841 1275352369225 44556877225 242985744 86171015401 29550297604 42634816324
3985692816400 2858811403204 10268579556 273722544225 866148510241 9541187041 27365761476 75335976676 6219372769
524348326161 278094858409 81130407556 297754657561 167820496281 60587853316 9738926596 39721287204 33851584144
3347147089441 447330893584 473628169 876273849025 1013523414121 206310357796 37762205625 598200152356 354440431801
5687686002769 30017983603689 10016288181904 593229605796 26904856729 197031229924 51751700100 7402193296 12317448256
10921086016 13136827456 2127525628816 4294655246025 9079231225 5318812125025 42994851904 127213488900 303729947689
770402931076 25497063684 77067867321 1009158875761 294841398049 12138971329 74580332836 2830240000 3811580644
4600548822321 3190671200025 1768716464761 3109738268025 72846549801 15877764049 84427438096 160073104 661775625
16605429400576 3827884424004 3258292145476 1267596767376 77805849969 3245466961 60840000 713798089 23687689
411358042384 100236193201 925133056 8220142225 302000806116 6915751921 14780723776 47029127044 171484607449
3249406417321 88720579600 327175744 266994391225 74832338025 508557249424 1199809148164 1072720061284 321298516224
1584255203584 5598963961369 1743997566025 677197326400 1188400859044 889143387136 2094662817025 243261036225 58441128516
68937228481 399269806884 61885517824 4487392144 77801387041 13442547364 555592041 2052814864 850538896
426789130681 1277119229409 1782430595929 3650576400 42505244224 274642027969 63225090916 129312160000 84448360000
691116219556 909780222976 359929203481 182351204676 43726992100 5077417536 52039190641 22966493209 24825468721
2322752787364 230770708996 873918346896 351766423801 376196995801 7903921216 19277100964 76755121 403969801
810394247961 1018539137529 26159504121 194952273156 1756200097089 704427847204 358571020864 8085426561 5762176281
6315686688609 399211676224 378126606400 187228424601 983887431921 827770441 142835620096 129844915600 11584647424
13214652025 1439047357609 724107393025 1040253125184 1788021225 821796640900 165137389641 15397583569 14389441936
174805937604 23395843849 47312775225 125328036289 233276442169 11581849161 13295473636 188622756 11519084929
7606266138916 2530571463729 1552391402500 378975672100 115089884001 103537863529 38600853841 22973161761 14267824704
1571708527684 1096209 78344569801 167196756609 679125976281 349609673284 4513421124 1607849604 2286178596
1244389332484 9854137156900 2213894023056 410447798244 61099435489 38348213929 15579033856 13067461969 6936557796
580354476100 2603572646481 606031110400 2120157317776 1736138889 45453387204 57078465921 231667017124 21498597376
15379260289600 2804747368644 14038695225 592573564944 396418825924 4007016601 7505449956 19675111824 808492356
1928104427844 209435284881 697819646736 301217661889 304763618916 15337831716 5227000804 959946289 324432144
2416084749376 9386809164100 5441405313124 68457582736 159323117409 56589273225 5228736100 14887904256 1413158464
2220326485776 175271171716 727301952400 407277541489 149106416449 78805402729 12368331369 4896220729 9939491809
920598032484 5306729605956 617618376769 12348543376 3927388551696 46504491201 443721183376 164892032761 6796353600
467717842201 463631619025 12522505216 1695373264225 1871826213609 2866123719369 1852797380625 312655432336 265254870841
649703705764 700291143556 388286011876 20804600644 13435128100 63545334724 9827549956 2426153536 23935493521
6375377552401 947809338025 4009013071504 42737292900 1745868043969 347647027456 215637639424 31819781161 10540307556
350026056900 4613027657616 43078662916 459603999481 46958456601 750321664 618700230625 193597360009 5127132816
189987887376 354192400 13926124081 81290563225 177883184644 38853140544 15748493049 214651801 3520642225
198333950409 33007622400 62333111556 442620098209 591640949124 38012131089 74148379204 298771225 56621630209
975195750400 98114912289 382215751696 56726377929 52853550201 98823467044 16592788969 1654048900 3065726161
43962347584 8515413841 5460914404 114175734201 125478184441 1684199521 2965284 602948025 102434641
354238042041 7192362332164 120620068416 1538607044836 18625425625 438788332921 626961492481 161207068036 72024067129
1716477300736 337246171441 799788587481 348504857649 89244990121 63689102689 19802118400 2142116089 8148131289
1358980057009 123932161600 813549880900 118447482244 27015195769 70357032001 41191137936 1858041025 1677639681
1772655250921 875362329664 565418275249 3038132664576 1763854922404 4212862980676 2820266803225 447201150361 454482267409
1584418835169 1087281681984 428328363024 225295470409 84842521 173930702500 325498775625 48224599201 40998150400
526144228164 12929964100 218892979600 259474096996 111966528996 3310966681 7078529956 1431789921 42021720064
75705321316 1190739264100 2137444 75513391209 791968285476 14014771456 1024512064 1850376256 1066806244
1252631024100 466764972804 239648432521 392220375625 364185696484 25893315396 22414581225 591219225 566154436
5812694368209 287602673796 3241785846016 581436769 310129813449 308106035329 6600262564 83600783044 2586841321
1963546402756 287541540441 606116746225 418051471761 173425605136 73487619396 18926055184 449736849 14833778436
1130611143204 107395154944 644354582089 31297501921 16076464849 138590909284 14343655225 7595471104 6263772736
74628405124 815318702500 205692964 8543489761 936052380004 41607432441 13425856900 68293696 2218221604
605864527129 5407127054329 473656403529 1374535828836 1950370569 497878416025 726389721225 39659925904 14122707921
780127029504 59937811684 310295789764 75748800625 106840728225 61288429225 13435591744 32341969 69172489
179325993961 955551215529 838215322681 55308969 1468951272009 37283236 280362837049 58706382436 8052729169
515753785600 27130372369 140682005776 259363062729 156128507161 3531568329 13403850625 8913436921 33796410244
1106811306601 425578788496 101982506409 712572339600 344556086121 28684841956 6010280676 16131286081 14137447801
1977690940416 350710315264 483895531876 286537525264 176901836409 72518181264 16336162969 1062825201 8449286400
9315145225 541539979236 64289630916 131402625025 478502844121 26091294784 140933418921 197290116 38068692544
2163782160400 282179814436 2117924285481 86809783225 181880072676 356256184384 213545652100 67803472881 27070779024
257594821444 62210835241 139896196729 354648834576 162884888100 12002298025 2359433476 267747769 6186609025
83891908881 3517991648161 1183428801 118844978121 114135189921 339289940196 6547722724 38222596036 21063297424
1312025920969 293132367889 585696334864 7587106816 5613006400 501282408169 41128245601 3590046889 30290617764
1239102922500 11361428100 919654148196 145162524004 8064219601 122684869696 3727224601 17182228561 1157224324
1377639765441 248258045025 258242846976 284396090944 232237248100 40577670721 11501490025 596629476 716258169
473868401161 2458677312289 18178859241 422410304761 6576885604 1208188081 6713508096 9059803489 33205950625
2455598916 118107006889 133360814596 15674038416 146300130064 9244822500 25804888321 9625964544 691374436
51358437376 152504308324 306801886609 15552085264 385146842404 679279969 73127517241 1047493225 30390600241
1163703720001 1469342224 857040835225 24394691344 63279414916 244217825856 65555969521 11893211136 326705625
1895520414841 418948096644 295519442689 355132564900 172086417889 58590623025 53947959289 4745280996 1237421329
1531700789161 125955729 1321552569744 22029090084 8855186404 236623873600 23173972900 16525359601 4279776400
437133867921 17103261800881 1997996385025 2221745264704 48295336644 691982741025 91215476361 15610253481 48597320704
935145086841 1004677456896 271642143249 500123353636 183081294400 3527766025 23883538849 11803084164 12369665961
1342715467536 1061705612881 169512534961 441283861264 135155493225 10286827776 36849409444 7569870025 39945218769
13467602500 56194598916 159892018225 18538184025 170351831169 3772047889 15271769241 12089222401 11530249641
284794062921 49680843664 24630477481 282720841225 490016800144 19965124804 12791383801 5554869961 17628403984
5809793284 278390251129 115701342201 13698829764 310111993129 16163562496 32949510400 4258345536 5451164224
996814540836 3392448259600 1312122139441 26296189921 575583203584 1218289216 90153065025 99390128644 29327932516
3187618681 707104401025 80146742404 25595840169 198710892900 91450969 47571099664 186158736 857201284
3259212798241 2486518225 3137216745961 79271528704 18066048100 822208257049 26997447481 44076483136 9013223844
1709778532225 185784274729 296633818881 404596494241 198563816025 95805106576 52358592400 981756889 4359696784
2235724714756 184540694724 1366766751744 19871131225 297610618369 111962513664 6879043600 117659976256 3135664009
4032662406201 1039102964496 2752486719844 89773342884 81960818944 221322261601 57709491984 58956210481 80421019396
30823069225 923530610025 3267494244 18662018881 427561669924 238547258569 25443759121 10284849 1160628624
948459784321 338486585616 6771973264 293017598721 2253727542564 129049785225 37348654564 43562368656 1600240009
506371713604 166900846225 5797756449 300749140836 577698804225 120175928896 63831011904 3164400009 4503081025
692491929921 345424201984 350162145025 38973077056 20487055689 49660785409 17633980849 2717536900 19048140225
1102976751529 9721960000 527317059556 65042851225 32272685316 54482095396 32239998025 13338864036 4675277376
369662784001 13167792001 14143869184 220087648225 322612640100 51176845729 39591448576 26594649 18149478400
764729262144 192791246400 349335374116 72367994169 16057704961 59090317225 15763053601 4574493225 8898526224
607113680625 69974533729 52171128100 880665879844 3903781688401 3361680400 83953324009 68555472561 121044004
159458858329 20832880896 55974828100 325747572049 338099220369 13644576100 805424400 5436112900 10406040100
1398237665841 268309496196 283656368836 283373099584 177046551361 75164802244 26827819264 4162572324 3931791616
468581320900 1791228903424 377554947025 247577895184 56189857936 339222375184 291124993600 2522952441 74677585984
854513511201 154537044544 394518403449 41688655684 23280656400 77382999684 16397058601 2296805625 6374744964
284159360356 115201184569 74157637761 230979243609 158574389796 35031485889 34909932964 6886344256 1785738564
7581470381809 10861183089 4202418000400 1044065344 56089869889 141308328100 36490168576 46732495329 5486364900
683910806121 27579909184 101979951649 270755796964 296405113761 278756416 3263494129 905588649 11515221481
200315324356 7497783051264 144460046241 1857935289721 56165682049 797359702500 287461111716 39791472484 37618542025
1659070226401 226444643044 463963960201 493565261764 699140133316 142508515009 10071928881 2073709444 364237225
230524816900 18692631841 10495797601 170059738689 672313082809 2988808900 7169008900 7081054201 5094818884
9813081721 7237584956176 188817189961 1047496981729 3278364049 190497331600 175509885721 74982868900 44087820841
3804988607044 856015394521 3449782454881 29735208721 18755028601 580613520400 356409 23193157849 124421274756
261024940836 546348635716 1187276102884 4817470464 1532651428009 6993475129 270817200801 71816496196 37047780484
978625455025 162774323209 300181260544 550176744121 543525766564 64969421881 40832284900 159820164 794901636
913620547225 14152671225 708849492624 932386225 12956358276 288333559089 2190801636 7322396041 16816643041
1151545756201 497449500601 298014452649 120409694001 79038575044 30280524169 44535349156 2694232836 2410908201
183717676129 8213594887969 1995140889 1069743392656 37069341156 494417109904 305219786089 164538130689 26884193296
195471862884 72489100644 14460062500 153930675600 273102398464 2196515689 2251217809 2524057600 839782441
4462297132225 1349300620836 3089720217600 58752427321 1013855665216 177719578624 12404484 101664047104 44929585156
89546971536 4736512380609 5090537104 145027680625 174337981444 553561296289 6284842729 26905184784 49064022016
3593022607729 510614572329 3570920737344 174259493136 49519155841 490928639569 47616040521 43226568100 98590348081
2264239458121 209158960921 873138867561 387628269604 135553566976 60971461776 17300930089 2470090000 20702029924
1082742221401 221961592384 286330939801 79140942400 78375921849 39680241601 31221476416 577873521 2762974096
1633176649764 782329636036 688936520484 506205001 154415989764 484492563025 101263331961 1959655824 60227049744
698956193296 826332516 127357624384 369948598756 541229476489 315304710400 121009362496 215796100 42308787481
1452200935329 696804223504 224721506304 394652829796 303496319025 3070489744 23438997604 2584095556 24351290401
578510838801 5379310203556 758977243249 1272097504129 49634938521 625263421696 499733058724 8983437961 151980683409
3394533565476 65700455041 4087966384384 128672864100 168700775824 771751708036 181555244649 94297512241 32679962176
623387623401 166490113024 90031802809 766762922500 2324328930625 77352025 79045884801 121042063921 29649051721
12087683136 783839310409 14205779344 11587015449 402792046281 218157187329 14431216900 2373540961 727704576
2417446574596 832939149025 1048934430625 319669244449 86430708081 336172225 39584683681 352125225 20866958116
452526635401 122978566489 27253387396 129639603025 742337328100 11142244 21080426481 971693584 283720336
93288095761 3706560609049 272118016 147724153801 97510054756 484093109824 8744868196 59055318169 41431381209
8678421079056 599134825444 6607485673009 11989812004 22198616064 599470805025 30893686756 44740710400 739948804
863494411536 60389130564 342902765241 79348129344 119604613921 73685102500 12278856100 59213025 85359121
3659121371689 5787782219961 3084856653376 2557997191876 1656083298321 6899143130884 1495562676624 187743690436 348854428321
669876771600 1560153381721 991199448100 534777751225 2834710564 275282806276 359654482944 108620339776 80464697569
4056743826496 813337029904 2807109246249 143169154129 91516535289 223072013025 72823879881 47348454409 82733317956
192458567401 366478890625 982546825225 46856230369 729351868441 9918765649 92213646889 6585160201 27348890625
2565474924100 141338402500 1095553675969 452419009641 83811987009 41305278169 42655053961 1808375625 29428373209
585344346084 194978766096 14467278400 122534302401 1018095126049 27771555904 585252864 21825039289 4871202436
153785544025 168314088121 36819853225 124126563856 63217044900 224280576 6692221636 403648281 1600800100
1449582288196 25523577121 1221301265625 49488896521 14888880400 219957248016 24374703376 950625 1289384464
2405762306704 98368795044 2125419925924 65985793129 76756148401 617552364025 109160195236 574944484 693216241
1739998428100 358216614144 598877872384 462121242025 149447189056 37301900769 26496026176 19686969 20811524644
650876219361 728955656521 128962146769 58313556324 43496439364 4985066025 23051134276 250335684 26836664761
506653545616 3078273759001 406818179329 584995522500 33774720841 36477944064 854408132964 94140966976 56115450769
158248818025 1128243347344 22584378961 84815495361 218160923929 24263358289 595018449 8074460164 1991747641
508909597641 389738004100 8483515236 628393900369 487824021136 167983580164 64240957764 4324377600 70652298025
983300308225 4721242356964 878265116964 10659943009 2387847010756 7418376900 553614866809 100532116624 12006225
10054674529 368245076224 32537305161 55465902144 480412561924 3296597056 36109880676 1038321729 31958712900
225646850529 509868830601 1122908986276 4158057289 1357451019409 3203673201 162193869289 32534419129 16589440000
1349537596416 321952973281 308685804025 247062678916 249103804609 80804884644 34659641241 238023184 4175744400
75861684900 7570740100 79128002209 313572000625 135863011216 3382585600 556016400 2387025 113614281
1796318689 109504737225 70860842809 235714609 72630250000 17109163204 35342872009 15522668100 7879402756
805418297401 337346689 93907925136 191975422500 743073308289 81584496900 9488902921 2824178449 2013561
1102726811664 300574773009 101605387536 533818735641 2799829146361 89571511225 61746783121 30049182409 81072016
804933746761 1361347565824 218011484889 334408914961 121007275321 279157264 10069520409 2299106601 15234471184
157052104804 29089690249 21906960100 176538627225 521171374084 3145527225 8657185936 10533122161 1750585600
2462548701001 182675888836 608334481764 348811903609 116034247044 59109765625 44946120025 5333526961 8374080100
160546065124 6377231001124 315056567401 575762264100 30413616025 53066190321 99917945604 40495525225 31375391161
735028446244 329494368256 81703521 573472998400 2904515781696 492440481 8256629956 40129704976 4477349569
1779462621225 494065598404 493235122249 677073894025 821867351761 126261540889 13222010169 6908435689 604864836
653842046025 5648065952356 1279656425961 7484672196 6983821006864 105916400704 308964775716 113104416100 29276921025
646888838436 686553102225 139364835856 590453928100 378389837956 97456384 10234761889 1943236 11336925625
155093404761 1341323004025 39498780049 113062717504 251932721041 8902111201 4717079761 17473138596 2212009024
166564383129 3367621371664 130427877904 418132943424 75300299281 225388512001 118353200625 313306628644 51833628900
3080228583364 1215848049025 1624192215844 62618055696 3672360000 577466247744 108310101025 50392617289 71284728064
2017627066624 42909051025 1990596483225 14745600 3160575961 809442096100 42994249 10125124 6754867344
543440249856 22346662144 67390083216 330172055236 443798457124 151258766400 92566845504 8014561 36063529216
902916147961 139704760441 437918356516 11725857796 355209409 238267968129 2439844 1923699600 54287424
1047374168569 21486869056 258510216721 229878055936 1064192370409 150144625225 22345167289 1422949284 83302129
226201600 47432484100 472297443121 26593455625 280285536400 2789424225 43903239961 63166266241 11111057281
988266621456 652222605609 322518360649 130174475209 51264205056 17321455321 54757404009 8167279129 2699633764
127876329604 31992330496 66754023424 520990909209 798992850496 17454373225 587965504 1389872961 22884730729
294268276225 78397760016 136960209 107982560449 516048273225 13130868100 316128400 2491307569 1795471129
743711337769 3573812545209 5846284521 401854566400 2785517284 20690233281 766249877449 65254702500 85572045729
81211320576 8262278838724 155664967936 751245161536 161850117636 708364622736 106044666025 1880870161 49306646601
587405747776 45443154276 6329793600 213797113924 597096198400 34327937284 8084167744 943411225 172869904
228939282576 5744223617521 35411712400 538477116100 119380615225 4329508401 311572726969 67303924900 12645136
1026215598529 536776022500 300990487876 70124865721 44165124025 41949593856 20605741209 853983729 11763354681
3015043286544 1549997610121 1588098999204 31060537600 29963956201 65222008996 80965287936 26028014224 43089041241
1145781849744 15170109889 572466258225 2507505625 299013264 264243290116 1154844289 3023240256 4549637401
360827274721 68982921316 104232122500 186840062500 97120736164 34454784400 11573671561 434263921 16276656400
1475855663104 812877121 663341833764 114303495744 78201885316 110686628416 19725078916 217208644 3835077184
1336995001225 5994785476 313481291236 498019547025 1154737220569 22120910361 31310594704 226683136 1328529601
2029624773201 166464000000 646247171025 426923719236 190193676544 84697296784 25374578436 1121915025 8198759209
43968637969 6462714742969 328452779664 563424379456 2684690596 33851584144 252897346321 108052236369 69081185889
719724869956 293635018161 295590117124 44751287025 29269050724 58879022500 14392081089 587044441 15199684369
800416515600 347098900801 43788073536 409825310976 2480048583489 59260112356 92554675984 31368660544 1441493089
