445528495458246336
108263586512331280
58515511241370160
371304658577719488
320971394668936384
297635767230812608
189722532906103904
73075674897835008
746853398698255488
73100259709228352
389794154297829312
910121578182791040
72160938964553968
231958646537207872
364427090278039488
598376205706262272
448363835130360320
651248983414163712
443033783677225472
225094192636043968
310725833295510208
354650388917569536
92915911911198416
49937257255037752
141638848505521792
222013505059385376
190921428211995424
147070751300549152
501279632111935296
159745492774125440
472498762213826816
1007325790518440832
68049977612681648
50175419087291864
62063952455259296
260422424794306240
434840818908343424
181856746665337536
640600878181366272
411126119494280768
176786951550565216
216639380295157664
531735187191701504
422530530571532288
299588399444682240
395201855615706304
345725827067031616
397366865592290624
289660798449973952
287957757633326976
298311072450376768
550749676138177792
402561642401331904
160589706727102272
93070939272329008
575448465444231744
59743382259060504
672123655846306048
393431564205497664
256545964359292576
525282337583796224
348087202117057984
301831542349206400
105400931116693296
277431545316287232
182591703954891328
248166462474073472
1018804015243840000
236761449050170688
96419357030818032
394057087267902208
438124508186433984
420161195310032704
360329583939520384
67890452213563624
106386090595378144
315164192333832896
567163477109654272
16251643761699486
376729192146559808
482391494943738688
321695521101191104
98783694315356512
791984616388408064
311310773327921024
419347012385153216
501351374431576128
213804942302427232
488888416908012096
53863438635975840
36582507404148488
355071067559906624
65107443240971480
410286167085061504
110695436360679184
428180265367495936
32890110603388688
238916809681773440
192397086195219200
442970625234925632
2367745492763798528
454394806403091136
706921370842273152
109862350742547600
372955274051580608
440825198794635904
237571963917393888
94135414276601440
54597629525478144
1127771712990952576
71204528708125704
371739558939644224
22671360734708008
262176775802689056
62236631601577168
1027602965643028224
335579710779812480
154485593777939328
114816872202024976
282640515880928256
17483550888789028
125371564036049168
315506241008208384
377171101929714432
741730277195554176
70679970929506320
722390525730528000
37922297826639432
384041957541545088
500697320904957184
517051036152162880
163288631491821920
480098962079177920
350410932131792832
19746559069340796
279038189145363488
274900571763079328
271027933167485568
27785067777885916
83712476748750384
404191460821979008
341747965109076032
38686769608082376
449393950985650112
324898668727929344
235334489008173280
110013126018476944
82638252805632640
54175814997890480
82089048791961520
87010443263189696
45469506294358528
63546127269190064
692130940629293824
418344461917215616
352225694663543744
19242453265822456
538596798471145856
532983091596065152
8255346712683063
493346934337936448
336661150185907520
447874736414915584
35320347915539084
446883633870228608
310954466421573888
60510491618890912
9442630362874170
719244106931261696
114656509919010720
402067823474949824
183112807776227232
434983677340688832
292306434447256064
104670226649195632
917190586309828096
399326348260408768
8008438441543617
29014531222143432
57706829037763480
200680754832961952
1217295545450643712
95055735058669328
343338271673291072
112659253767162224
45925830941179688
320756077814480000
291438019965096192
59233918378654696
37847130904779568
568886014379157248
456877693043259264
504656469801285440
519249889199165056
357141520627542784
129190256105912464
417666903624237568
40511236559049376
543087853205893504
266534800932889664
16145736805803444
155699441654199520
1209516887477607168
84928973473071248
66178765921097048
252170032272714272
852050911336934016
1143812471609693440
40160377028253152
121101689621659424
70155792562800696
212873673195267392
9105408713620904
586287566794503552
155527619610139296
2000852543160714240
322745790434678080
76562095898728464
85815178216700880
69986771991756840
463826897886248448
433991253390489856
146491674809100192
172067164600602880
90969127486875008
164102385158237888
194177620205999712
22556131627120664
47458063929246600
46567557333178832
642081474596788224
495201139485648000
1116699804048181376
93350050867565792
20741850725635600
137746034969384400
334644077561077248
342529255575378176
291054574896620992
109129825032217520
650487315529656960
711710163481241728
445636878205734528
28707423999656768
133676702214211136
16892767385929196
373606727127008640
249986378576365056
108178994206196800
144713117108552416
652611429482165760
136698326241585312
205612644939661728
167228261855688256
336524340377093888
52287323906143600
239642316540366624
79565265296782864
1306352778243396352
539403677225284032
51902032034437136
193030734954992256
83287457007760208
6207550107162663
323547243981970688
90271284795019392
348750683660857536
334402969250445120
514849035354028096
390282094509917568
381849088791852416
73610227101005296
31085013315504980
361300460381039680
95548445263524512
43270658643948664
37775775785961824
60070987936087592
1858173076800764160
86665350098634560
75624608313004336
34046917355046140
362557403434100352
164275848750735232
505512364493090048
69584123377945552
327022485996311488
64231340779086392
110105741219048960
25465650149397844
70684804890437216
130028180772762784
75610420791689472
225797148002938080
634788020563933440
52419088138740080
180426785865195648
419717973346556928
172095044716491296
140241508866574064
95942956695395104
882705911332198656
417799236276763520
1288502116301294080
201188426920524640
851844029033553920
60943266234829856
421395918136668352
28599663964913412
258984537397753952
274795180020676192
149914328150216224
433227860992898240
102841425189646672
512791532176835392
702980098047421696
648814797674583424
428141462926615616
231448890169759488
937701888490092928
28456106202152644
336055609535450432
255855499851079456
12246811835593818
302246719204542912
338334784068579008
95374476854999456
373097487736634752
398430537543939456
34828888366130292
405800320203504640
97868298126870416
130088273741588352
264937588573242624
304689116726747968
78391104381342624
698832665550621952
386417832524224064
445863616539329472
142127334925289328
100539915798279600
69194459782089224
61994644104100848
335388797007745792
707910488079892352
39400775850177024
239124462607105408
440239543081979968
337896391670012544
106113363973676624
246407589308362720
442094768837295744
345918132768329856
46850847161933616
147181692438646016
429134184790654144
31108627251141700
65190032371905192
310536163836660480
402863631005503104
61576684199536656
48406469081805032
296529463448504320
609496371123680384
167885767142016736
286780510547843936
84452866765682848
755403970977192192
236310442877303680
43488020666059952
200436344312405600
1357626795393879808
356749489249622144
66127880376408896
374096945659590464
729370732676337792
30960560004938844
197558708999699392
410059322331632128
18329120859474452
118958233597084064
66753620150421792
121840192799104928
142229812842021280
249013532348391136
123356678262155472
18661787319255488
360087613319014272
83139935470815392
403639024572709824
182554904303832416
559792827058660416
100872330796455808
511184646237756352
110254229632351184
333405035806095808
285674786237588768
54533174929085976
399810310734392320
184399246954797760
15197853418681816
43603603773039976
49086054615526800
8737667229344634
306516058437774400
98596158409693664
74477990312561952
464582542743914624
114004867004602784
34464546182030704
62677950479311752
80533701685684640
292833772138096128
103586649856771360
61065590144554208
55110278471150240
266255294197887296
41004282674935080
110369727815950960
33749542273834760
80287552668724112
98277486577670000
41661540002704776
160118464963588096
29070250828541896
123532579277888656
80983139554499840
71888255190184040
71482494389132376
99902674387158064
13435255130890614
29610754342169932
70833418737504696
94829595910601456
92183068689917120
659896606438370688
85815522491141664
94517822666125888
13430678851751888
34596549848179096
22792890891331700
190005724640802432
30975149097668664
215497538200933120
85891506059021248
126532089332823072
245086090034049536
48613160873167672
118023318570943376
50948735282779968
44756514793020368
53653901309203296
30543128550894856
43213049402337256
165141306219339456
27099921384228860
73420725041956784
106275126584285104
45758222239187304
27428468250512028
351909526274538368
40678612031336960
318034515506563200
107688420575406192
32750974312383076
261329438637290656
258866358227682112
114142699163426912
76954698440487584
57239648012711512
64847740924974968
305751351921197696
20891797275850136
299957176641591872
168538460040880256
249871741383506560
115668083195829440
53092526181901560
113808148511890576
64579128499625584
91031215657909408
271594458970249856
259983479711817728
122357160199576032
42531288635681896
138835594460511920
43605522066512112
135110823877664192
483364754085181376
45200664502039704
747898192555160960
133485091080976432
242856657651883936
71470633890693976
129725689300490240
57976503270596424
16170845670559440
87567622349657696
160206471744978880
98836371935244912
48517636710288792
164615849033941632
47971515045343704
67881937191023448
280868518268818464
29683880055054560
100038287729473824
75620133456904928
17943689583703212
9637599122742928
56174678573798440
146217639118656704
83524330141094176
27083600481663768
111736086160785552
223807923216357792
133866218846604576
128528754820947376
440695372733815296
71749169108475792
56337879313575176
141759036484975648
197889215429151488
141864743018975008
49138549906686640
50473267414824240
81422714604948480
27606719396852360
64877247954963656
46280571453769296
29551310640213896
165027089887106048
299362855741914240
43504098679911888
205335189023563968
59810685877714000
187271136050185504
58521844575559744
25653386607679340
71855719126083544
97989477586200288
104241044222301424
229087571121021888
42875764664555400
124250024360324624
