1
2
3
5
7
8
10
12
15
17
18
19
22
23
26
27
28
29
30
31
33
36
38
39
40
41
43
47
50
57
58
60
61
63
65
68
72
74
75
76
77
78
79
80
82
83
84
85
87
88
89
90
92
93
95
96
97
98
99
100
101
102
103
104
106
108
109
110
112
115
116
117
118
119
122
124
125
127
130
131
132
133
134
135
138
139
140
142
144
145
146
148
149
150
154
155
158
159
160
161
163
164
165
166
168
169
173
174
175
176
179
180
181
184
186
187
190
191
192
194
195
197
198
200
201
204
209
211
213
214
216
219
220
221
223
225
228
230
238
239
240
243
244
246
247
248
250
251
252
256
258
259
260
262
263
264
265
267
268
269
273
274
275
277
281
282
283
284
287
289
292
293
297
298
300
301
303
305
308
310
311
312
314
315
316
318
319
320
321
324
325
326
327
328
329
330
331
332
335
336
337
338
339
341
342
343
344
345
347
348
350
352
354
355
356
358
361
364
365
366
367
368
369
371
372
374
377
378
379
381
383
384
385
386
387
394
395
397
399
403
405
406
409
411
413
414
419
420
422
424
426
427
428
431
432
435
436
437
440
442
444
445
446
448
449
450
451
453
454
457
459
461
462
463
464
465
466
467
469
471
472
475
477
479
480
481
482
483
484
485
486
487
489
490
491
492
493
495
497
499
501
502
508
509
510
511
512
513
514
517
518
521
522
523
526
527
529
531
532
536
537
538
539
541
542
546
547
548
549
551
552
553
557
559
561
563
564
565
566
567
570
571
573
576
578
579
591
595
596
598
599
600
601
602
603
604
607
609
610
611
612
613
614
619
620
622
624
626
627
628
630
631
634
637
639
640
643
644
646
647
648
650
652
653
657
658
659
660
663
664
665
666
667
669
670
671
672
675
676
677
678
679
683
685
686
688
689
690
693
694
695
698
700
701
702
703
704
706
710
711
713
714
718
720
721
722
723
724
726
728
729
732
734
735
736
737
739
743
744
745
747
748
749
750
751
755
756
757
762
764
766
768
769
770
773
775
776
778
779
780
781
782
783
784
786
787
788
789
791
792
793
795
796
797
