0
5
7
13
19
20
21
29
37
39
40
41
46
51
52
60
61
67
68
70
73
79
88
89
91
93
94
96
100
109
111
117
118
120
123
132
133
136
137
138
140
142
146
153
158
159
165
166
167
173
176
183
185
189
192
196
200
203
209
213
217
218
220
225
233
234
237
239
240
244
245
247
249
251
255
259
262
263
264
269
274
278
294
303
304
310
312
313
320
324
325
326
327
332
333
336
339
341
343
351
357
359
361
364
371
375
379
387
391
395
396
397
401
402
405
407
408
421
425
431
433
440
441
443
448
451
453
454
455
457
458
460
465
466
469
479
482
485
487
488
491
500
503
507
510
512
514
521
528
534
535
536
541
546
550
560
562
573
575
581
582
590
591
595
596
597
605
608
613
616
617
619
620
622
624
628
634
636
644
647
651
653
654
656
660
671
672
681
689
692
698
700
703
705
710
711
715
723
727
733
737
740
741
742
743
744
745
750
756
757
759
765
768
772
777
781
783
790
792
803
804
806
809
810
813
824
826
839
851
856
858
860
862
863
873
882
884
885
896
897
898
905
912
915
921
925
927
930
934
935
936
939
943
944
953
958
963
965
978
981
988
995
996
1002
1005
1008
1022
1025
1028
1030
1032
1035
1050
1055
1063
1064
1066
1069
1073
1076
1077
1080
1081
1082
1087
1089
1094
1097
1098
1111
1116
1121
1122
1127
1128
1130
1142
1148
1149
1154
1159
1166
1169
1171
1172
1181
1184
1185
1188
1190
1194
1195
1199
1201
1212
1215
1217
1219
1221
1224
1228
1229
1233
1236
1237
1238
1248
1249
1250
1254
1258
1259
1263
1268
1269
1271
1274
1280
1282
1283
1284
1291
1299
1305
1307
1309
1314
1315
1316
1321
1322
1324
1333
1336
1338
1344
1346
1347
1352
1354
1356
1357
1359
1371
1372
1374
1376
1378
1380
1382
1389
1391
1392
1393
1400
1405
1407
1408
1416
1420
1421
1426
1432
1436
1441
1443
1451
1452
1454
1458
1462
1464
1465
1470
1472
1476
1486
1487
1498
1506
1509
1520
1522
1529
1530
1531
1540
1544
1546
1555
1557
1559
1564
1567
1571
1573
1577
1578
1579
1585
1586
1590
1594
1604
1605
1608
1610
1612
1613
1615
1617
1620
1624
1625
1628
1630
1631
1634
1637
1639
1644
1657
1669
1672
1674
1681
1682
1683
1688
1694
1702
1703
1704
1707
1715
1716
1717
1721
1724
1729
1732
1739
1741
1743
1750
1753
1756
1763
1764
1766
1767
1774
1777
1781
1784
1788
1790
1794
1797
1800
1803
1811
1814
1817
1818
1822
1823
1830
1831
1834
1835
1838
1839
1841
1850
1857
1860
1868
1870
1874
1875
1879
1885
1891
1898
1905
1908
1909
1913
1919
1920
1923
1928
1929
1932
1939
1941
1946
1952
1959
1961
1969
1974
1977
1979
1983
1988
1996
2000
2002
2008
2011
2014
2022
2024
2025
2040
2044
2047
2048
2053
2056
2057
2061
2062
2064
2069
2075
2083
2084
2088
2091
2095
2098
2100
2102
2109
2118
2121
2127
2128
2129
2131
2135
2143
2149
2152
2153
2155
2165
2168
2169
2171
2176
2187
2199
2202
2207
2210
2211
2215
2227
2228
2235
2242
2245
2247
2248
2249
2250
2259
2262
2263
2269
2270
2271
2272
2285
2287
2289
2290
2291
2293
2294
2301
2302
2305
2311
2314
2317
2320
2323
2324
2334
2335
2340
2343
2347
2350
2353
2362
2369
2375
2378
2381
2383
2393
2395
2401
2411
2413
2414
2416
2419
2420
2425
2427
2438
2439
2441
2447
2448
2460
2461
2463
2464
2465
2467
2480
2488
2489
2491
2492
2493
2496
2502
2508
2513
2515
2516
2518
2519
2522
2523
2528
2529
2533
2534
2538
2539
2545
2548
2551
2554
2561
2563
2564
2565
2571
2578
2579
2580
2597
2602
2604
2606
2608
2611
2617
2621
2624
2626
2632
2641
2644
2645
2646
2649
2656
2663
2664
2665
2668
2674
2677
2678
2680
2685
2689
2696
2699
2703
2707
2708
2709
2714
2716
2718
2724
2731
2732
2735
2739
2747
2748
2749
2759
2760
2767
2771
2772
2777
2781
2786
2787
2799
2807
2816
2819
2822
2825
2831
2836
2841
2842
2843
2846
2848
2851
2853
2859
2861
2862
2863
2868
2871
2872
2874
2877
2878
2880
2889
2892
2895
2904
2907
2909
2910
2918
2919
2924
2929
2931
2934
2935
2943
2944
2947
2951
2954
2956
2958
2959
2961
2962
2963
2968
2969
2970
2971
2972
2984
2985
2986
2989
2991
2994
3000
3004
3010
3011
3023
3027
3028
3030
3033
3037
3043
3046
3047
3054
3061
3063
3069
3075
3079
3086
3087
3091
3092
3095
3096
3098
3100
3102
3107
3109
3111
3112
3113
3118
3125
3129
3130
3133
3139
3146
3155
3162
3163
3164
3172
3177
3178
3180
3182
3186
3187
3194
3195
3200
3204
3208
3211
3213
3214
3218
3221
3222
3224
3228
3229
3230
3236
3237
3238
3240
3242
3247
3250
3251
3252
3253
3256
3259
3266
3270
3273
3277
3279
3283
3293
3296
3310
3314
3315
3316
3318
3322
3326
3330
3335
3336
3337
3338
3341
3342
3349
3350
3352
3353
3357
3358
3359
3362
3376
3379
3386
3392
3393
3395
3396
3400
3410
3416
3419
3423
3433
3434
3435
3436
3437
3438
3441
3443
3445
3451
3458
3464
3466
3469
3475
3477
3478
3480
3488
3491
3495
3499
3502
3503
3506
3511
3513
3517
3521
3523
3524
3529
3532
3534
3536
3537
3543
3546
3548
3551
3559
3568
3571
3573
3579
3583
3588
3595
3596
3598
3600
3604
3607
3615
3618
3619
3621
3623
3625
3627
3628
3630
3631
3632
3635
3637
3642
3650
3655
3658
3659
3660
3661
3662
3664
3668
3672
3673
3678
3679
3680
3682
3685
3686
3690
3694
3695
3699
3700
3701
3705
3706
3710
3715
3723
3724
3727
3731
3733
3737
3744
3747
3749
3753
3757
3758
3759
3760
3765
3766
3769
3771
3778
3780
3782
3784
3788
3791
3794
3796
3797
3799
3802
3803
3804
3816
3822
3828
3833
3837
3838
3842
3843
3846
3851
3858
3859
3860
3865
3866
3872
3879
3881
3884
3890
3892
3893
3895
3898
3901
3903
3906
3914
3915
3917
3918
3923
3925
3931
3934
3935
3939
3941
3942
3944
3947
3949
3956
3957
3959
3963
3976
3978
3982
3984
3986
3988
3990
3994
3996
4002
4003
4005
4008
4009
4011
4014
4020
4022
4031
4032
4035
4042
4043
4046
4047
4048
4052
4055
4063
4066
4068
4071
4077
4078
4079
4085
4089
4090
4092
4093
4094
4098
4100
4109
4113
4116
4132
4134
4140
4147
4148
4150
4157
4175
4176
4178
4186
4187
4192
4195
4197
4198
4199
4200
4207
4210
4212
4215
4217
4218
4219
4224
4238
4242
4245
4246
4252
4259
4261
4262
4281
4287
4288
4292
4298
4304
4309
4311
4315
4320
4321
4322
4325
4330
4331
4340
4342
4344
4351
4356
4363
4364
4365
4373
4380
4383
4387
4389
4395
4396
4401
4404
4414
4415
4416
4421
4422
4431
4442
4447
4449
4454
4458
4461
4467
4474
4482
4484
4486
4488
4491
4495
4497
4500
4502
4504
4508
4512
4513
4523
4525
4528
4530
4531
4542
4544
4549
4550
4552
4554
4558
4561
4565
4574
4576
4585
4586
4587
4588
4592
4594
4595
4598
4599
4601
4606
4615
4619
4621
4624
4627
4636
4641
4643
4645
4650
4652
4653
4654
4658
4668
4675
4676
4682
4684
4689
4700
4702
4706
4714
4717
4718
4728
4729
4731
4733
4742
4749
4757
4773
4782
4789
4794
4799
4800
4801
4802
4806
4809
4811
4814
4815
4821
4823
4825
4826
4827
4828
4831
4835
4840
4842
4844
4845
4849
4850
4858
4863
4866
4870
4872
4878
4884
4888
4897
4904
4906
4911
4912
4913
4922
4924
4926
4932
4934
4936
4940
4943
4945
4950
4953
4955
4957
4967
4970
4975
4977
4978
4979
4985
4999
5006
5007
5011
5013
5017
5019
5023
5024
5028
5031
5034
5035
5037
5039
5041
5047
5051
5055
5057
5066
5067
5074
5076
5080
5082
5089
5090
5092
5093
5096
5103
5104
5107
5109
5113
5114
5115
5117
5119
5127
5130
5131
5132
5133
5136
5137
5139
5141
5142
5150
5156
5172
5175
5177
5181
5183
5184
5185
5198
5199
5204
5205
5210
5213
5216
5222
5224
5226
5229
5231
5233
5235
5239
5240
5241
5243
5251
5260
5262
5265
5271
5272
5275
5278
5283
5284
5285
5291
5298
5305
5307
5308
5310
5312
5313
5314
5316
5318
5320
5322
5326
5327
5333
5339
5345
5347
5348
5349
5352
5354
5355
5356
5359
5362
5364
5377
5378
5381
5385
5386
5387
5392
5395
5397
5399
5401
5402
5408
5409
5413
5416
5419
5420
5425
5426
5427
5429
5431
5432
5434
5436
5437
5438
5440
5443
5444
5446
5455
5460
5466
5471
5473
5474
5475
5480
5485
5487
5489
5490
5493
5498
5499
5507
5510
5511
5515
5520
5521
5524
5525
5526
5527
5533
5537
5540
5541
5544
5547
5548
5557
5568
5569
5570
5571
5583
5591
5595
5596
5597
5601
5602
5605
5612
5613
5615
5618
5622
5626
5629
5634
5638
5640
5641
5643
5648
5649
5653
5654
5661
5666
5668
5679
5680
5681
5685
5686
5689
5692
5697
5700
5702
5705
5708
5717
5723
5725
5729
5731
5733
5737
5739
5740
5746
5747
5753
5760
5762
5765
5767
5771
5772
5778
5779
5782
5783
5792
5812
5815
5824
5826
5829
5838
5839
5846
5848
5853
5854
5858
5861
5862
5867
5873
5881
5882
5885
5886
5887
5889
5896
5897
5898
5899
5902
5908
5910
5914
5915
5916
5918
5922
5923
5924
5931
5932
5937
5939
5943
5946
5951
5954
5955
5957
5969
5973
5974
5977
5987
5995
5997
5998
6001
6002
6004
6005
6006
6007
6008
6019
6023
6026
6028
6030
6035
6045
6048
6056
6067
6069
6071
6073
6077
6078
6082
6083
6096
6099
6103
6104
6106
6108
6115
6117
6120
6121
6122
6123
6125
6126
6127
6129
6130
6134
6135
6142
6145
6153
6160
6170
6172
6174
6176
6180
6182
6184
6187
6188
6191
6194
6195
6201
6208
6216
6219
6220
6223
6226
6227
6230
6235
6238
6241
6244
6245
6246
6252
6254
6256
6260
6264
6272
6277
6283
6285
6288
6289
6292
6294
6295
6299
6303
6307
6310
6316
6317
6320
6323
6326
6335
6339
6342
6347
6352
6355
6357
6358
6360
6362
6375
6383
6387
6389
6391
6392
6395
