1
5
6
7
8
9
12
13
15
17
21
22
23
26
27
30
32
36
39
49
51
52
54
61
62
66
70
71
75
79
80
82
84
85
87
89
101
103
106
115
116
118
120
121
123
124
125
127
128
130
137
138
139
141
144
145
146
147
148
154
155
158
161
164
165
166
170
173
175
177
178
183
185
187
192
193
195
196
198
199
200
203
204
205
206
207
209
210
216
217
224
225
226
227
228
235
237
238
240
242
245
246
247
250
252
253
256
258
259
266
267
269
270
271
273
275
278
279
283
288
289
290
291
293
295
296
297
299
301
303
304
305
306
308
309
310
314
315
321
322
324
326
329
331
332
335
336
339
340
341
342
354
355
356
359
362
363
366
368
370
371
373
374
376
377
380
381
382
383
384
385
387
388
392
396
397
399
404
407
409
410
415
419
421
426
431
438
439
443
445
453
456
458
459
460
466
471
473
475
476
477
478
479
480
481
483
484
485
487
488
490
491
501
503
505
507
509
510
511
514
515
519
520
524
525
526
528
531
533
538
539
542
544
547
554
555
557
558
560
562
563
564
565
566
567
569
570
574
576
577
581
582
584
586
587
588
589
590
591
592
594
596
598
601
602
604
606
607
608
611
612
615
617
622
623
624
630
631
633
634
635
637
639
641
642
643
644
646
647
648
653
655
657
659
661
668
669
670
672
675
679
681
682
684
688
689
691
693
697
699
701
702
703
704
708
710
711
712
718
720
723
724
726
729
732
733
734
735
736
737
739
740
741
742
743
746
749
752
755
758
759
762
763
765
766
767
769
774
779
780
782
783
784
788
791
792
794
800
802
808
810
813
814
816
820
822
826
828
829
830
832
837
842
843
844
847
854
856
857
858
860
862
866
867
868
878
879
881
885
886
887
890
891
893
895
899
906
907
909
912
913
914
915
918
919
927
930
931
932
933
934
936
937
938
939
943
944
946
950
952
954
956
958
959
961
964
966
967
968
969
970
972
975
976
980
981
985
986
989
990
991
994
998
999
1000
1004
1006
1007
1008
1009
1011
1017
1018
1020
1021
1022
1026
1027
1029
1030
1031
1032
1033
1034
1038
1041
1042
1046
1047
1048
1049
1056
1058
1059
1060
1063
1079
1080
1082
1086
1087
1095
1101
1108
1109
1110
1112
1113
1114
1127
1128
1130
1131
1132
1136
1137
1138
1140
1141
1143
1145
1146
1148
1151
1152
1154
1156
1157
1164
1165
1167
1171
1175
1179
1180
1181
1187
1193
1194
1199
1200
1202
1205
1206
1207
1209
1213
1216
1218
1222
1223
1229
1230
1233
1234
1235
1238
1240
1244
1246
1248
1249
1250
1252
1255
1256
1257
1259
1261
1264
1265
1267
1270
1272
1273
1274
1276
1277
1280
1281
1282
1284
1286
1289
1291
1294
1295
1297
1298
1299
1302
1305
1308
1309
1311
1325
1327
1328
1329
1331
1338
1339
1341
1342
1343
1346
1350
1351
1352
1353
1355
1356
1358
1359
1360
1362
1366
1370
1371
1374
1375
1376
1378
1379
1380
1382
1385
1386
1388
1390
1394
1395
1398
1399
1403
1407
1409
1411
1414
1415
1416
1419
1420
1422
1427
1430
1431
1432
1433
1434
1438
1444
1446
1449
1451
1456
1459
1461
1462
1464
1468
1470
1471
1473
1475
1477
1478
1479
1481
1483
1484
1485
1487
1491
1492
1494
1498
1499
1500
1501
1503
1504
1505
1506
1514
1515
1516
1522
1523
1524
1525
1526
1531
1532
1534
1535
1541
1545
1546
1547
1551
1554
1556
1557
1559
1560
1562
1564
1566
1568
1569
1570
1572
1573
1574
1578
1579
1581
1582
1583
1584
1585
1586
1587
1591
1599
