2
5
6
13
15
16
17
18
19
24
31
32
34
37
39
42
46
47
48
49
50
55
60
61
62
68
69
70
71
73
74
80
81
84
85
88
89
93
98
99
101
107
113
115
125
128
129
131
134
136
140
148
162
166
167
168
172
173
174
180
181
182
184
189
193
195
201
205
206
209
214
215
225
230
235
237
238
241
243
247
251
254
255
260
262
264
265
267
268
276
277
280
286
287
288
289
292
296
300
301
312
314
315
317
318
320
321
322
323
324
325
329
331
335
338
340
342
343
347
353
354
358
362
364
366
368
374
375
376
377
379
380
382
384
385
387
390
392
396
401
403
410
411
413
417
418
426
429
430
431
440
441
442
443
444
446
448
450
451
454
458
467
468
470
471
474
476
479
480
485
489
490
494
496
497
504
505
509
514
517
519
523
526
527
531
532
541
544
547
549
550
553
554
557
561
567
576
578
579
580
587
591
592
597
598
601
607
610
613
614
615
617
624
625
626
628
629
633
635
637
638
642
648
651
653
655
657
667
672
674
675
676
682
685
689
690
691
692
694
696
705
708
721
722
728
729
731
735
736
741
742
746
747
751
753
754
761
764
770
778
779
781
784
785
789
795
803
805
808
814
821
825
828
829
834
835
838
840
842
843
850
854
859
860
863
866
870
874
875
885
887
888
894
895
897
901
903
904
907
908
912
914
917
918
920
928
932
935
936
939
940
943
948
954
955
962
963
966
970
975
979
983
985
987
988
990
993
994
998
1002
1004
1011
1018
1021
1024
1025
1026
1034
1035
1037
1039
1041
1042
1044
1045
1050
1051
1053
1055
1057
1060
1064
1065
1067
1069
1072
1077
1078
1079
1083
1086
1092
1094
1100
1103
1107
1114
1115
1117
1118
1125
1132
1134
1137
1139
1140
1144
1145
1146
1153
1154
1158
1161
1162
1167
1169
1173
1174
1180
1185
1187
1189
1190
1191
1195
1199
1200
1201
1202
1206
1208
1211
1213
1215
1218
1223
1225
1226
1228
1229
1235
1236
1238
1240
1241
1242
1244
1245
1246
1247
1248
1249
1252
1254
1263
1264
1268
1272
1275
1277
1279
1280
1284
1286
1289
1290
1291
1293
1294
1297
1300
1301
1305
1309
1311
1319
1325
1327
1330
1332
1333
1340
1344
1345
1347
1351
1352
1353
1356
1360
1363
1364
1366
1368
1370
1375
1378
1379
1380
1381
1382
1385
1386
1388
1395
1396
1397
1398
1406
1408
1411
1412
1414
1415
1417
1419
1420
1421
1426
1428
1431
1437
1439
1441
1443
1447
1449
1451
1453
1454
1457
1459
1460
1461
1463
1465
1466
1468
1470
1472
1474
1475
1476
1477
1478
1481
1486
1487
1493
1494
1497
1498
1503
1505
1507
1510
1511
1512
1513
1515
1516
1517
1522
1524
1526
1532
1533
1542
1545
1546
1547
1553
1554
1555
1558
1561
1568
1574
1575
1577
1578
1579
1580
1581
1582
1585
1586
1587
1591
1594
1597
1599
1604
1607
1613
1617
1619
1623
1624
1626
1630
1631
1637
1639
1644
1647
1650
1652
1653
1654
1657
1664
1665
1669
1673
1674
1678
1681
1682
1683
1694
1695
1698
1701
1702
1706
1708
1721
1723
1725
1726
1728
1736
1747
1748
1751
1759
1761
1765
1766
1771
1774
1775
1778
1779
1781
1782
1787
1793
1796
1800
1807
1814
1821
1823
1824
1827
1828
1829
1833
1834
1835
1837
1838
1839
1850
1851
1857
1858
1861
1862
1868
1870
1871
1873
1879
1884
1885
1888
1890
1892
1895
1896
1903
1905
1906
1907
1908
1909
1910
1912
1914
1924
1932
1934
1935
1937
1941
1942
1946
1951
1952
1954
1955
1958
1959
1960
1961
1962
1964
1966
1969
1972
1973
1978
1979
1980
1982
1983
1985
1986
1987
1991
1993
1994
1995
2003
2006
2007
2008
2010
2015
2016
2018
2019
2021
2023
2027
2030
2032
2033
2034
2035
2037
2043
2044
2048
2049
2051
2056
2057
2058
2059
2061
2067
2070
2075
2086
2087
2088
2101
2102
2104
2105
2106
2107
2108
2112
2114
2115
2118
2119
2120
2129
2135
2138
2139
2142
2143
2150
2152
2155
2158
2160
2162
2166
2170
2174
2175
2179
2186
2190
2192
2198
2199
2201
2203
2211
2212
2213
2214
2220
2222
2226
2232
2236
2237
2238
2239
2240
2244
2249
2250
2253
2254
2255
2259
2269
2270
2271
2276
2278
2279
2280
2281
2282
2285
2288
2290
2291
2297
2298
2299
2300
2303
2313
2316
2318
2322
2326
2329
2333
2335
2336
2341
2345
2349
2352
2353
2355
2359
2361
2367
2370
2373
2378
2383
2393
2397
2400
2401
2405
2408
2409
2412
2413
2414
2415
2418
2421
2425
2427
2435
2438
2446
2448
2454
2456
2457
2458
2459
2462
2465
2467
2470
2477
2478
2481
2483
2491
2493
2497
2499
2500
2501
2503
2505
2507
2511
2512
2513
2514
2516
2518
2521
2529
2533
2534
2536
2541
2542
2545
2547
2548
2551
2556
2559
2560
2561
2563
2565
2566
2567
2569
2570
2571
2575
2579
2583
2585
2586
2588
2592
2594
2595
2596
2609
2610
2612
2615
2618
2620
2624
2638
2643
2654
2655
2657
2658
2660
2662
2666
2670
2673
2675
2677
2678
2680
2682
2684
2687
2692
2693
2695
2697
2698
2701
2704
2706
2709
2710
2712
2714
2716
2718
2719
2721
2722
2724
2726
2734
2736
2738
2745
2748
2749
2751
2753
2754
2755
2756
2757
2760
2761
2765
2766
2768
2769
2771
2776
2778
2784
2786
2787
2794
2795
2798
2800
2801
2804
2805
2809
2810
2811
2813
2815
2817
2818
2821
2824
2826
2830
2832
2833
2834
2835
2841
2845
2846
2849
2859
2860
2864
2868
2871
2874
2881
2882
2886
2887
2889
2912
2916
2917
2918
2922
2925
2926
2928
2929
2932
2935
2938
2944
2946
2950
2951
2952
2953
2957
2958
2961
2963
2964
2965
2966
2969
2970
2971
2972
2973
2978
2981
2983
2991
2998
2999
3000
3001
3002
3004
3010
3016
3023
3024
3029
3032
3034
3037
3039
3043
3044
3046
3050
3051
3053
3054
3055
3062
3063
3064
3065
3067
3069
3070
3071
3072
3076
3080
3090
3091
3095
3097
3100
3102
3103
3107
3111
3114
3115
3118
3119
3124
3125
3127
3128
3129
3133
3137
3138
3140
3142
3145
3150
3151
3156
3160
3162
3165
3166
3167
3169
3171
3172
3173
3174
3177
3182
3188
3191
3194
3195
3198
3199
