-97574881086294
-93704907504925
-73752821706969
-55644669855710
-54174573577730
-67027169342557
-76445514043799
-75961014902175
-66178410784652
-66493864926512
-67889006053501
-75583677332855
-78156119670438
-85730524661113
-75414618382563
-69115097838463
-73677876415901
-80790430651542
-78666773612648
-77574004048331
-80439253646677
-67550913301089
-56395828804316
-67693806337037
-87463770487683
-103656563051720
-79408347879309
-63544097716303
-76250310482939
-86263829161044
-84917486711196
-75450358872720
-76943103867384
-77489486436468
-75499158131613
-73873064269082
-68884169495125
-78156111483779
-84881760087681
-63423849306434
-64161933694739
-87112589722308
-91252721931642
-80159522367822
-77889466376850
-81421339019148
-83642593994076
-77951341701537
-69661482494792
-69794809141586
-70910224921361
-89005316330619
-101337704125231
-88729087039611
-70159064215604
-70607845004258
-73460006259547
-75752728929899
-88120829145840
-82745028824030
-76481238994049
-85632920709552
-79626214275153
-70497168999071
-92985969761571
-104856502458886
-102563795910193
-87636325661953
-73242164172021
-68288989838279
-83083135526970
-93096645934530
-88995744009823
-72029148368967
-59661048153026
-64126205067865
-80266686693010
-99187892453523
-109201410879970
-104287469332081
-84446057535952
-52028253703852
-47910778151652
-82923650402966
-110840556913957
-182127578952
2123644840067
315455977447
3762800901750
-2354581453950
-315445871315
-1043966377141
1492750758533
861836710944
1674872573616
1177299123349
-546384656329
-1990326547704
-546390839629
1541547930181
2039135750407
-861838714303
315454141860
3531886592826
-546384656329
-3083100124189
1905802836427
230928594996
-813041374883
-3034296517583
-3314022787544
2949766958551
3265227619255
-3762802905109
182127495066
2487908184630
679709215878
-182127495066
497581636926
497587568567
-861836794830
910645829761
-2718838782985
-2087922899809
5171020181778
-497587149137
-4442510033742
1856999817024
679709131992
-995163273852
679709215878
-2900964358578
2221260822683
0
-497581636926
2767632031801
-2087934092003
-2087922732037
1857005580893
-1128490004532
-813035778786
679717318651
-3167619487753
-2039127647634
3896141499072
-1177292856163
-2900964358578
3398551675487
1590341262883
-2087934092003
-364255074018
-1226086104979
-1492753432981
230930430583
413050242307
-1541545675164
-1043964289896
133318208477
2039129483221
2900964358578
2354590143925
-3896121281358
-1492746998023
-1723673505774
-2221249546603
995160515518
3131902808048
1457026731030
-2403390069450
3567603188645
