-4110417
-4110417
-4026531
-3942645
-3271557
-3019898
-2600468
-2264924
-2097152
-2348810
-2768240
-2852126
-3103784
-3271557
-3271557
-3187671
-2852126
-2768240
-2768240
-2852126
-2768240
-2936012
-3019898
-3271557
-3271557
-3271557
-3607101
-3607101
-3355443
-3103784
-2936012
-2936012
-2936012
-3187671
-3355443
-3439329
-3355443
-3355443
-3103784
-3355443
-3355443
-3355443
-3187671
-2684354
-2432696
-2348810
-2684354
-2936012
-3439329
-3774873
-4278190
-4362076
-3858759
-3103784
-2768240
-2684354
-2852126
-3355443
-3690987
-3607101
-3607101
-3607101
-3187671
-3187671
-3187671
-3271557
-3271557
-3271557
-3187671
-3187671
-3103784
-3103784
-3019898
-2852126
-3103784
-3355443
-3607101
-3523215
-3103784
-2516582
-2432696
-2852126
-3355443
-3774873
-4026531
-3774873
-3439329
-3355443
-3271557
-3271557
-3439329
-3439329
-3439329
-3523215
-3523215
-3187671
-2936012
-2936012
-2936012
-2936012
-3019898
-3019898
-3355443
-3942645
-4194304
-4278190
-4026531
-3607101
-3103784
-2852126
-3019898
-2936012
-3103784
-3103784
-3103784
-3187671
-3690987
-3690987
-3690987
-3439329
-3103784
-3271557
-3523215
-3607101
-3607101
-3271557
-2936012
-3019898
-3523215
-4110417
-4362076
-4445962
-4362076
-4278190
-3942645
-3523215
-3355443
-2936012
-2936012
-2852126
-3271557
-3607101
-3858759
-3942645
-3858759
-3690987
-3271557
-2936012
-2600468
-2516582
-2516582
-2852126
-3019898
-3523215
-4110417
-4194304
-4529848
-4613734
-4529848
-4278190
-3942645
-3355443
-2600468
-2013265
-1929379
-2097152
-2936012
-3774873
-4445962
-4865392
