-1156979546031739109376
-1156979479632189194240
-1133367621184530153472
-1109755880406506668032
-920861439306264084480
-850025651590577782784
-731966685762956296192
-637519374892097077248
-590295853446593904640
-661131206032292577280
-779190220504940281856
-802802111116826509312
-873637458131281379328
-920861434848228933632
-920861340028006694912
-897249601797447221248
-802802114301137518592
-779190226873569771520
-779190303302391169024
-802802032140541362176
-779190304576115310592
-826413843139287842816
-850025744500205944832
-920861381745167302656
-920861359693124468736
-920861441216858161152
-1015308590950843678720
-1015308668653389217792
-944473152300477448192
-873637516329240363008
-826413924026151862272
-826413844413012115456
-826413938596364550144
-897249575204463837184
-944473150389890842624
-968085029061911511040
-944473245846967812096
-944473168781284343808
-873637557409538768896
-944473193380775985152
-944473164960103661568
-944473242662656933888
-897249530939862024192
-755578470888478998528
-684743073955273506816
-661131184617111683072
-755578511968769802240
-826413868375641554944
-968084977869436485632
-1062532291287736778752
-1204203340036116054016
-1227815224279365582848
-1086144003008225607680
-873637520150421045248
-779190311581607002112
-755578422243452780544
-802802132055660953600
-944473190196457504768
-1038920382921326985216
-1015308647875078127616
-1015308672474570031104
-1015308592224567951360
-897249632765568090112
-897249553789290545152
-897249644788331970560
-920861383655761510400
-920861343212332908544
-920861412796193439744
-897249629581249740800
-897249549968109993984
-873637553588358217728
-873637483367635353600
-850025637020357492736
-802802092249094422528
-873637556772669095936
-944473190833319706624
-1015308587766517596160
-991696857017788137472
-873637443561068822528
-708354860354520612864
-684743092983521345536
-802802061834938089472
-944473166233827934208
-1062532286192831823872
-1133367616726494871552
-1062532264777658400768
-968085060030024908800
-944473170691870687232
-920861455787070849024
-920861386203210186752
-968084961388637192192
-968085030972498116608
-968085072052788789248
-991696808372769652736
-991696766655608913920
-897249604981757837312
-826413932584982544384
-826413855757464764416
-826413888957232054272
-826413894290302697472
-850025637657227296768
-850025711062261170176
-944473266148947525632
-1109755852539806613504
-1180591532858550386688
-1204203421559842668544
-1133367620547667951616
-1015308649148802531328
-873637559956979843072
-802802063745524563968
-850025651590570180608
-826413921478695583744
-873637444197923422208
-873637513144929484800
-873637558046393368576
-897249578388774715392
-1038920400038988218368
-1038920478378411163648
-1038920385468775792640
-968085032246222389248
-873637561230711848960
-920861388113796792320
-991696783773270147072
-1015308669927121092608
-1015308575106898853888
-920861414069910372352
-826413930394781220864
-850025660506655948800
-991696882414665465856
-1156979469442386886656
-1227815152308587069440
-1251427043557327765504
-1227815155492897685504
-1204203424744160886784
-1109755830487770988544
-991696867207590576128
-944473154847926255616
-826413899426660220928
-826413926573608271872
-802802038509170720768
-920861455150201044992
-1015308617460914192384
-1086144018215300366336
-1109755906916592386048
-1086144003645087678464
-1038920455052636192768
-920861438032539942912
-826413843776149782528
-731966688947267174400
-708354801519691825152
-708354879859107430400
-802802034687997640704
-850025748958241226752
-991696811557080530944
-1156979444842895114240
-1180591618203457421312
-1275038773669202231296
-1298650659823053438976
-1275038772395478351872
-1204203424744161148928
-1109755811459515678720
-944473219336889434112
-731966689584121905152
-566683670610731401216
-543071943046297878528
-590295762447552282624
-826413939233226883072
-1062532234363501936640
-1251426939184165421056
-1369486053571932979200
