-182124223509
2123641484624
315452622004
3762797546307
-2354578098507
-315442515872
-1043963021698
1492747403090
861833355501
1674869218173
1177295767906
-546381300886
-1990323192261
-546387484186
1541544574738
2039132394964
-861835358860
315450786417
3531883237383
-546381300886
-3083096768746
1905799480984
230925239553
-813038019440
-3034293162140
-3314019432101
2949763603108
3265224263812
-3762799549666
182124139623
2487904829187
679705860435
-182124139623
497578281483
497584213124
-861833439387
910642474318
-2718835427542
-2087919544366
5171016826335
-497583793694
-4442506678299
1856996461581
679705776549
-995159918409
679705860435
-2900961003135
2221257467240
-3355443
-497578281483
2767628676358
-2087930736560
-2087919376594
1857002225450
-1128486649089
-813032423343
679713963208
-3167616132310
-2039124292191
3896138143629
-1177289500720
-2900961003135
3398548320044
1590337907440
-2087930736560
-364251718575
-1226082749536
-1492750077538
230927075140
413046886864
-1541542319721
-1043960934453
133314853034
2039126127778
2900961003135
2354586788482
-3896117925915
-1492743642580
-1723670150331
-2221246191160
995157160075
3131899452605
1457023375587
-2403386714007
3567599833202
