-1412346
-634611
-767001
-655524
-101701
333596
692882
1072536
967338
992055
713650
516467
327893
137013
179676
159761
387956
549669
459844
437418
437380
431344
270103
150449
163878
141648
-52116
-199918
155510
376098
475893
608054
427150
330132
154674
234
111382
151365
165045
185773
91428
27917
417179
685120
900861
1130590
712173
467426
-22117
-446067
-769408
-1119706
-311337
186567
435169
750572
234765
-58318
-310642
-573887
-581122
-656955
-544517
-482525
-758216
-943424
-1605840
-2140388
-4182982
-5821497
-7190166
-8631139
-6729031
-5722698
-2645726
-123580
1734706
3770873
5201850
6794987
5806594
5509919
4222003
3199689
3062839
2688730
3271176
3597313
3625237
3733068
3091341
2650458
2157971
1679311
1976620
2066009
2583103
2985593
2965998
3059499
2799710
2634585
1781756
1113197
520760
-92073
55260
-1091
303022
510549
358686
303121
264841
221929
193015
160350
-197083
-467494
-235973
-138944
-8123
113642
-204412
-404617
-164905
-43069
158466
338647
-395894
-885337
-1066909
-1330974
-1187574
-1153355
-758186
-459734
-180050
104662
105390
182212
-310281
-650226
-855724
-1097247
-929259
-870999
-453240
-131809
59079
284947
27715
-100069
-565547
-940541
-1389733
-1819044
-1983048
-2218140
-2025919
-1948197
-1440086
-1047297
-418956
146267
-98191
-125696
-921919
-1512165
-2101065
-2690325
