-2180361
-2539923
-2388771
-2374464
-2363979
-2352731
-2343944
-2334497
-2327529
-2319897
-2307903
-2297078
-2291079
-2283788
-2289880
-2292386
-2294521
-2296453
-2293255
-2291513
-2300193
-2306081
-2341290
-2368226
-2437556
-2495594
-2581574
-2660143
-2740484
-2820350
-2875280
-2936910
-2966729
-3005073
-3019248
-3039677
-3049144
-3061319
-3056954
-3057166
-3055921
-3055184
-3052715
-3051260
-3044571
-3039771
-3030041
-3022399
-3033600
-3040449
-3035552
-3036462
-2958692
-2903032
-2746065
-2617413
-2563719
-2490070
-2289291
-2123605
-1673919
-1300481
98936
1222682
3948656
6244688
9303968
12132974
14508112
16902074
15815418
15645118
12748491
10581959
7498214
4660294
3098074
1193755
592091
-351446
-702737
-1212662
-1813716
-2390511
-3035570
-3662321
-4158439
-4689831
-5058879
-5471426
-5764522
-6089497
-6365001
-6653760
-6896054
-7150799
-7315291
-7503966
-7639304
-7788933
-7945263
-8099798
-8214075
-8339202
-8389795
-8460359
-8496253
-8541478
-8481567
-8449760
-8234016
-8067256
-7771726
-7510699
-7236605
-6966012
-6762776
-6541479
-6410819
-6256078
-6159038
-6046538
-5965919
-5876758
-5808745
-5735066
-5655340
-5577235
-5467673
-5366496
-5246581
-5131687
-5007122
-4885148
-4754634
-4626432
-4495763
-4365397
-4236104
-4106463
-3978116
-3849441
-3729899
-3607909
-3503463
-3394404
-3296026
-3194785
-3098112
-3000215
-2904873
-2809230
-2711219
-2613843
-2509030
-2406209
-2296040
-2187792
-2071195
-1956775
-1838890
-1721934
-1600531
-1480334
-1358813
-1237647
-1119384
-1000409
-929775
-846188
